1.624345363663241670e+00 7.674598253530210412e-01
-6.117564136500753813e-01 -1.834274363444877987e-01
-5.281717522634556961e-01 -2.237367119526478543e-01
-1.072968622156170504e+00 -4.771264587543785352e-01
8.654076293246785179e-01 3.232126300882350867e-01
-2.301538696880282675e+00 -1.133831105134274431e+00
1.744811764216479988e+00 9.464615272178674710e-01
-7.612069008951027893e-01 -4.759735106283448647e-01
3.190390960570985701e-01 1.328976974281870782e-01
-2.493703754774100889e-01 -1.214237330693691830e-01
1.462107937044974104e+00 5.937422364978114375e-01
-2.060140709497654044e+00 -9.985544155445978953e-01
-3.224172040135074857e-01 -7.659253724825039467e-02
-3.840543546684156428e-01 -2.779787714174064561e-01
1.133769442335437416e+00 6.019393190341294497e-01
-1.099891267314030863e+00 -6.811739747807585843e-01
-1.724282075504357525e-01 -9.008365470182298773e-02
-8.778584179213717587e-01 -6.005064444310153071e-01
4.221374671559283143e-02 1.332486441813628408e-01
5.828152137158222335e-01 3.322976606515938847e-01
-1.100619177212921240e+00 -5.527712841940384259e-01
1.144723709839614134e+00 4.948456930028911072e-01
9.015907205927955470e-01 5.781709533122754152e-01
5.024943389018682316e-01 4.479573443764076068e-01
9.008559492644118150e-01 2.646297881875306901e-01
-6.837278591743330969e-01 -2.182475265418845067e-01
-1.228902255186481718e-01 1.013199625555665645e-01
-9.357694342590687775e-01 -4.340835474720868281e-01
-2.678880796260159070e-01 -2.538708430465265731e-01
5.303554667381860099e-01 3.515122651234951490e-01
-6.916607517253090531e-01 -3.639224060704695507e-01
-3.967535268559773676e-01 -2.587688262073143952e-01
-6.871727001195994111e-01 -4.665921636264959149e-01
-8.452056414987195732e-01 -3.675490711517382381e-01
-6.712461308368190549e-01 -2.563423788264747594e-01
-1.266459891890136039e-02 -6.868537242742984994e-02
-1.117310348635277784e+00 -5.065975406103018219e-01
2.344156978170921501e-01 2.773709946231800449e-03
1.659802177109870547e+00 9.100871917420697566e-01
7.420441605773355764e-01 3.756788101310823413e-01
-1.918355523616149250e-01 -1.145747533715423400e-01
-8.876289640848362694e-01 -4.539890692953326701e-01
-7.471582937508376432e-01 -2.866905311748320084e-01
1.692454601027746586e+00 9.212684645003741402e-01
5.080775477602896689e-02 7.835040982328540793e-02
-6.369956465693533687e-01 -3.047277022849380623e-01
1.909154846674660233e-01 1.032398551250036101e-01
2.100255136478842211e+00 1.111965594439273453e+00
1.201589524816291527e-01 8.332893215868836245e-02
6.172031097074192063e-01 3.768566955401581042e-01
3.001703199558274915e-01 1.190734826261077434e-01
-3.522498464935186480e-01 -4.196086996574732164e-01
-1.142518198022140163e+00 -4.673766388251286985e-01
-3.493427224128775044e-01 4.402660349098702630e-02
-2.088942333747781099e-01 -6.031067233053084842e-02
5.866231911821976341e-01 2.832960722627488326e-01
8.389834138745049241e-01 4.058472325476491505e-01
9.311020813035573163e-01 4.536456218742976887e-01
2.855873252542587837e-01 1.445346034571298455e-01
8.851411642707280869e-01 3.303687092606751863e-01
-7.543979409966528049e-01 -4.289084162903492037e-01
1.252868155233287872e+00 5.267313948516176847e-01
5.129298204180088305e-01 2.813448263477814626e-01
-2.980928351027156697e-01 -1.787105327884441208e-01
4.885181465374970333e-01 2.937802056665445583e-01
-7.557171302105572530e-02 -5.525617248477796006e-02
1.131629387451426938e+00 6.644482125078376988e-01
1.519816816422198791e+00 7.812617983446435987e-01
2.185575406533161402e+00 1.311857676163554087e+00
-1.396496335488137674e+00 -8.878842600331781076e-01
-1.444113805429589448e+00 -7.867485715402855462e-01
-5.044658629464512378e-01 -1.620842423083544981e-01
1.600370694478304712e-01 3.328511054045550366e-01
8.761689211162249080e-01 4.132209827865664376e-01
3.156349472416052349e-01 1.621843729386415189e-01
-2.022201215824003029e+00 -1.033732032163362069e+00
-3.062040126283718244e-01 -1.995629505542673154e-02
8.279746426072461807e-01 3.852565349560211905e-01
2.300947353643834070e-01 1.830543516700021689e-01
7.620111803120247496e-01 3.490254302661452424e-01
-2.223281426103592695e-01 -2.384199468297790725e-01
-2.007580689299974519e-01 -6.902426241865550205e-02
1.865613909882843091e-01 1.435991768376747579e-01
4.100516472082563202e-01 3.343484118573543107e-01
1.982997201267697462e-01 8.810515742165324349e-02
1.190086458074588183e-01 -2.231883467506683150e-03
-6.706622862890305736e-01 -2.790550334826126244e-01
3.775637863209194145e-01 2.128556023842329281e-01
1.218212709914369279e-01 8.897714320798236209e-02
1.129483907911919660e+00 5.574306835812320449e-01
1.198917879901507000e+00 7.154927969501304608e-01
1.851564174839438470e-01 1.295274803795443130e-01
-3.752849500901141999e-01 2.823395789041033277e-03
-6.387304074542223820e-01 -2.082595338710607202e-01
4.234943540641128989e-01 2.776521566420774856e-01
7.734006834855941537e-02 -1.240737998873460285e-01
-3.438536755710756010e-01 -1.116949097559749027e-01
4.359685683424693869e-02 6.382664878182942036e-02
-6.200008439481292655e-01 -2.289052546937090371e-01
6.980320340722189210e-01 4.534602265068353733e-01
