-1.475460413119624725e-01 4.061597578277259535e-01
-9.595955665163453663e-01 -3.111147333035214624e-01
-6.905275996777627823e-01 -7.044972139039208381e-01
-6.036734178140603646e-01 -2.502033018083382743e-01
-1.944745062344104547e-01 7.977734683032608465e-02
-1.450437223570276435e-01 3.424699719148748267e-01
-5.443838825586929664e-01 7.112511636605612919e-01
-8.906663260608437271e-01 3.521364449805410857e-01
-1.545053453686048572e-01 1.138131894397637900e-01
-6.977312926687938566e-01 -5.126315778162859882e-01
5.935215506674734742e-01 8.189642313427351050e-01
-3.458142912796638990e-01 3.651278629636731665e-01
7.339275181372116874e-01 6.787403464746365467e-01
-8.103307957788180582e-01 -7.951376464722712534e-01
-6.102088477519268528e-01 7.145081727970851171e-01
-7.673181594193625443e-01 -1.054196029658227007e-01
8.721188393017108575e-01 1.750427599150350053e-02
3.562571359303133844e-01 -3.514439702572154101e-01
3.701129697897757032e-01 5.878781542283716410e-01
-9.042711652771565634e-01 4.970780177455417226e-01
9.409769566747669955e-01 4.034647191983643522e-01
-4.040221011399758866e-01 5.435358912409370413e-01
-7.567990470437467865e-01 -5.742925008129635966e-02
7.672856839739422563e-01 -4.111571489918421363e-01
-4.206606533992126029e-01 -6.494155781359066681e-01
-9.055277474719374275e-01 3.680142533430282858e-01
-5.591529253313228809e-01 -3.972639769802007170e-01
-3.673794028909322523e-02 -8.069732337139607914e-01
1.245334856472639917e-01 -6.457756576981416030e-01
1.790609307883724022e-01 3.529835729706768399e-01
-7.600636582356896653e-01 -1.185425720161707441e-01
3.656304132743904978e-01 -1.732423753807567635e-01
-8.540038035561188234e-01 1.066679508952637356e-01
3.121116283742189079e-01 1.173298470617210876e-02
8.493179658498899443e-01 1.152942609296620097e-01
7.501690802156949500e-01 -6.930574200129134832e-01
-6.715825859881940918e-01 5.893871653842314151e-01
-2.100676018017404167e-01 -5.957232852628400188e-01
8.057566005874005066e-01 -3.149769012329224349e-01
4.873487288157207775e-01 3.854564781110013105e-01
7.345120510922729107e-01 1.881070024978797883e-01
4.701057699041012450e-01 -2.965496784941297204e-01
-4.190715756837968264e-01 7.373126298212330232e-01
-1.151591124539769612e-01 8.473453835949384949e-01
3.163941303961489426e-01 2.049281499280380114e-01
-7.116310958762164240e-01 8.486504455265547753e-01
-9.159565339392714001e-02 1.464159534428805254e-01
-1.868558259594857440e-01 -4.670715958094345810e-01
7.703586730265358229e-01 9.583182019141328611e-02
-9.397539728119495006e-01 2.579755434143625181e-01
-3.283432084989608146e-01 6.501646587268883337e-02
7.271674996034522831e-01 -2.939329606376229198e-01
7.824653221265857050e-01 1.852022119245757548e-01
-9.006457107057141975e-01 8.215625560508436065e-01
3.860172925566546231e-01 8.817122516292725809e-01
-6.398060384130295208e-01 -6.258537952816591865e-01
8.316180962488374240e-01 3.158209655007741534e-01
-8.133103450647015675e-01 5.022711083081803363e-01
5.023129916131834349e-01 7.414996507615502219e-01
3.847426310751332901e-01 -6.991373306087876882e-01
-9.348222980745437560e-01 -8.123210462352429273e-01
-9.085972434838330836e-01 -4.152271020687426373e-01
6.863184326465026075e-01 3.682908024577627448e-02
1.162940536843089651e-01 6.136713689357617962e-01
-7.247973043256678016e-01 -3.644883710267509680e-01
1.848341381786248183e-01 8.413201627600442878e-01
9.370986552533228098e-02 -8.761997966648633618e-01
5.592044865091359007e-01 -5.108107253801605907e-01
5.786945987521716628e-01 -2.312953081588051407e-01
7.026603873115082610e-01 4.132017974281954054e-01
9.006692429645662967e-02 -6.626968767946662675e-01
-8.542868481369193523e-01 -6.439856837700429493e-01
-8.841440673511522519e-01 -6.676071305022628355e-01
-5.116270409596800350e-01 4.106403194363325015e-01
9.093049220636735541e-02 -8.870942586171224331e-01
-7.921274627763287279e-01 8.847865017080529526e-01
1.157167545651275609e-01 -5.429188868845082894e-01
-4.595912607482962042e-01 4.639405223343006646e-01
-5.753031119877117794e-01 1.753930109052340980e-01
9.097307976461580514e-01 5.836472608690457253e-01
-4.949136974461471050e-01 1.286529940476780799e-02
2.433294431722878015e-01 5.838424884260531300e-01
-6.748684728396754373e-01 -8.388292740263981750e-01
-8.181457290848873631e-01 1.519154218475472599e-02
2.053565747091772586e-01 1.146559300981464663e-01
-3.245837926726664602e-01 9.006167812181563592e-01
1.460594291624013052e-01 -2.241652091950983305e-01
1.082464878192564983e-01 4.389672343175867186e-01
3.108571610328430546e-01 -4.408476543793355407e-01
-8.305488233155122746e-01 -1.947271556088636113e-01
2.331877437442343992e-01 -5.361907148468865181e-01
4.604564502678371585e-01 -8.073763334482328968e-01
-4.415751782266849612e-01 5.733904872237475248e-01
-5.764016591450217275e-01 2.806569192771540822e-01
6.660897386183496638e-02 7.659872493713840713e-01
-4.701730970641541107e-01 -7.630124635382937726e-01
4.595526960307242392e-01 4.704349211760260330e-01
7.954118681051065565e-01 7.434013231276831446e-01
-9.364396762111399930e-01 -4.353246503206979479e-01
2.428558810636543830e-01 8.012242771298662136e-01
8.585428357246833730e-01 6.069826468249293894e-02
7.967541592763371927e-01 2.174724262256721996e-01
-2.097769608827694254e-01 -1.513284055530893235e-02
2.006225700375503518e-01 7.993233223388539199e-02
8.297161030882017618e-01 7.177552486919266395e-01
-1.783847102807020468e-01 8.475736336363528522e-01
-6.372363728991514709e-01 -6.455469607347829042e-01
-6.935575398068917208e-01 4.409191911652147328e-02
-8.889419734265076034e-01 8.545508294167442065e-01
5.994466772147231115e-01 -9.074449811503741969e-01
-6.234339407515109288e-01 -2.736796580903623766e-01
-6.872269414296160450e-01 5.939520332019023741e-01
-2.747873759531528903e-01 8.103482804821882102e-01
1.735038028556995515e-01 6.775190488631679386e-01
6.742430196372622975e-01 7.011829108355948081e-01
-7.412956655707771125e-02 8.754105905119462239e-02
5.577930235263807157e-01 -4.152326157635852777e-01
-1.393391768676910739e-02 1.801475956839771742e-01
-9.167756102348942893e-01 2.140048327294152564e-01
-1.118443761945071557e-01 5.620216578254624284e-01
-3.330500379831653479e-01 7.276877542492108386e-01
1.333727755391779235e-01 -5.786978129814210892e-01
5.526330935396848165e-01 1.759015179566976450e-01
-8.518492202268078684e-01 -1.029502588554320336e-01
3.598774198559793192e-01 7.404404642555764138e-01
-9.277671971889226432e-01 9.085757863351645591e-01
-2.126813801884288868e-01 8.682982984713123464e-01
2.143482524312514126e-01 5.850118702317920194e-01
1.479886656363270936e-01 2.246984125300166835e-01
-4.036540312089205718e-01 1.769311847224826484e-01
4.919831815314174572e-01 6.248262980421954715e-01
4.941714409519123441e-01 3.345288480545919318e-01
6.847564454254605470e-01 -3.544966193158721190e-01
3.224403522473774930e-01 -1.046888588936565750e-01
-2.282935725104917046e-01 -1.503632032927809947e-01
-1.957859850579588001e-01 -3.211264711626291568e-01
2.285687234168950477e-01 -1.374593323639654030e-01
9.090817355799197808e-01 2.776052414921688083e-01
-5.765056821059832970e-01 -1.046009915833115977e-01
-2.840389836115888023e-01 5.528191134333021450e-01
7.412178854162815300e-01 6.951078017169397549e-01
2.987192105604247194e-01 -4.306787178737859212e-01
-4.543616154279976893e-01 6.648133684762271844e-01
6.670849152424994377e-02 5.438949027245915113e-01
1.486353422293329729e-01 4.149196910985036846e-01
4.871082489905780022e-02 4.881366899576610185e-01
1.293285205795762782e-01 -6.840210729264903367e-02
-3.191213788634632564e-01 -7.663112201850692529e-01
-2.515993922175832065e-01 -7.489323704051509267e-01
9.032075745042175141e-01 -6.205994166617138097e-01
6.103252598919299832e-01 6.491979896572912523e-01
3.614514480072272828e-01 1.082042910969043814e-01
-6.461276278261304240e-01 -2.844843869776705197e-02
-3.071260344366751882e-01 -4.829095186491924596e-01
1.671844958469253795e-01 -3.480965037849239607e-01
8.105172266146122295e-01 7.022175834365139702e-01
-4.798362024348490351e-01 -6.811819178116532703e-01
-5.837860195728384882e-01 2.773016292774968874e-02
4.210729268105782297e-01 -5.489422786997910642e-01
-4.627498078365915313e-01 6.593809064146314292e-01
-1.545838361517158088e-01 2.188341100583590382e-01
-5.248394557807701810e-01 -6.951457365290587553e-01
2.908854439432054934e-02 -4.281206904507697114e-02
-6.547220988029617272e-01 2.525093812600841536e-01
9.082521835118477493e-02 2.746786518438606994e-01
-6.641553903117908275e-01 4.878679027029261261e-01
-5.275674678166749620e-01 6.078226331835130669e-02
5.202749338508906307e-01 -8.903426849363277329e-01
-3.166408179453386040e-01 6.907323501204276628e-01
6.571757204715761302e-01 3.754390349597247489e-02
7.178915103651002383e-01 7.794770224999933994e-01
6.370188946597856727e-01 6.101475484984957287e-01
-7.558871091857882751e-01 3.108600638606039968e-01
3.920579348174166867e-01 1.804940748136805717e-01
5.480676992180982809e-01 -8.695332257214817284e-01
5.245501786790608412e-01 3.940183330912551685e-01
-4.681506108784061482e-01 -4.170547183020676951e-01
2.443714593509952182e-01 -2.920564528286530570e-01
5.614030748131871862e-01 -1.249088152377079292e-01
5.603377143404756344e-01 8.608012589950805316e-01
-3.963439521446597280e-01 -6.271029419556989337e-01
7.649311369948169625e-01 3.793393066229048399e-02
9.089549129037217678e-01 2.030133226986619299e-01
9.412085193536584571e-01 3.750251995764656426e-02
3.333365795383020497e-02 -6.617891017287805822e-01
-2.963213244173610317e-01 -8.434600407402734756e-01
-6.342938585394182205e-01 4.757442758399137994e-01
-8.990361810139542165e-01 -1.977978118427744514e-01
6.978619663903171677e-01 3.148495155151695979e-01
3.485945559128083571e-01 -5.808207704452291731e-01
-1.066730429234478555e-01 1.529239998068721573e-01
9.174262626616993543e-01 -5.809245823307721546e-01
-4.906637490560196158e-01 -4.067144213560627830e-01
4.736545966054172552e-01 -1.010183376954423701e-01
-8.420104030193169553e-01 5.650311849795258690e-02
-5.337971676504610352e-01 5.667531027054460990e-01
-4.072424456349785227e-01 -8.355357864193407869e-01
1.935902494034322519e-01 6.131767391607991780e-01
-2.146337979307270383e-01 4.629124714767812732e-01
2.308260991932653550e-02 7.302883228634179935e-02
8.876160646339777971e-01 5.071015566778823702e-01
-8.794773745812933807e-01 4.220659243287971929e-01
-4.578396309922300178e-02 8.126500183597867855e-01
-5.404407575749607950e-01 -3.954148472880746334e-01
-7.990499810235082156e-01 -9.027019816294129528e-02
-7.371631765067047093e-01 2.782259102325235212e-01
5.851488859915934260e-01 3.278143098274526879e-01
4.988375604420171583e-01 -3.096206328091063442e-01
6.542599220059733822e-01 -1.609062255734302338e-01
6.219037499707692485e-01 1.987147843356003030e-01
-6.975114095676929749e-01 -7.294200307565131824e-01
-9.358853922356520361e-01 -7.389068986261646543e-01
-9.667825324056163183e-02 -6.954387951243188315e-01
-8.859994926118376357e-01 5.047283230688542899e-01
-1.884661085900033173e-01 4.563485749280865589e-01
-9.280729101539382520e-02 -8.585422030760454792e-02
-4.289626674008779894e-02 -4.498045874729890425e-02
5.718740160712942888e-01 -2.046483855302194399e-01
7.479533781124168001e-01 -8.747771643033652733e-01
5.033508066946505988e-01 -7.024427246919481282e-01
2.026181665975156365e-01 -8.965122821292509370e-01
5.039047145314871218e-02 -9.023876318385315454e-01
8.766534970486435929e-01 6.913248134989187221e-01
5.819802268872327211e-01 7.235786576964620131e-01
-6.897716886919164070e-01 -5.861240058934379382e-01
-5.882209748098153890e-01 2.505136118603812911e-01
7.942865950563553490e-01 8.484513357669719591e-01
4.121563540541607340e-01 3.996321030317825929e-01
7.735871641840362800e-01 -2.172402530595566872e-01
-4.907533416908494983e-01 -5.674046395475516036e-01
-7.090227229483540006e-01 6.006649266868400172e-01
-6.824823824458322585e-01 -3.935086767071929170e-01
5.978955022448698697e-01 -3.721578454863819774e-01
9.063913909451473128e-01 -4.667909815017011188e-01
5.537931020374180918e-02 -3.386628745003668617e-01
7.748086564866289994e-01 -2.794408157329990039e-01
-1.256900455919077453e-01 2.839191399300777796e-02
8.126945918819213910e-01 -8.890035186460779615e-01
4.304854922360344949e-01 6.870488255723364857e-01
-8.977410498936639893e-01 8.373126430142410759e-02
-3.141698069985291997e-01 6.662873743245857350e-01
1.200801078248489445e-01 3.386035719974007652e-01
-8.368788513541694507e-02 2.364236222461942871e-01
-4.218442035900216158e-01 -8.678837005500426027e-01
1.371896094138057853e-01 -3.481280724590528064e-01
5.214456793950606600e-02 7.514785214381185519e-01
-1.515090648497984804e-01 -4.500200170371376207e-01
-2.246771089809781463e-01 7.929709625530591000e-01
8.465840909119020097e-01 5.822033216812204648e-01
7.863136180600540648e-01 -5.310793837992006106e-01
-7.969637526368436031e-01 -4.549000464964122470e-01
-3.680089031343363737e-01 -5.709747109268493714e-01
1.996089503096722673e-01 -1.662156541466881521e-01
5.868714351838079102e-01 -5.987957244732207140e-01
3.717828327686590884e-01 -4.883003102574951515e-01
1.341076800063621677e-01 -2.799945996470282750e-01
-8.549171888049267309e-01 -4.493491682584398461e-01
3.118789162333199805e-01 -2.019618196625808104e-02
2.106766382327245751e-02 -5.900407151943863893e-01
1.574918782856576938e-01 8.918309931112354816e-01
6.067724857567655672e-01 1.412841411743655795e-01
9.236184256465636011e-01 6.820809479482821125e-01
1.600912158416627207e-01 -8.544876581349599709e-01
-7.928866715383541264e-01 -7.483343717425088304e-01
-9.754687329174385746e-02 -2.208017544071454730e-01
8.883783249992052156e-01 -6.445561295757880060e-01
9.113121918107510711e-01 4.398769662346342368e-01
6.226210294193857964e-01 2.097611906684855032e-01
3.197375912804096831e-01 -5.746130125359052293e-02
-9.324866530540725229e-01 -2.206784062111751821e-01
-4.401644254870510677e-03 4.168611428538991359e-01
-6.162225664800436570e-02 -7.412409799412318645e-02
-7.115941442061854971e-01 -8.509577880386959281e-01
4.827107464206430443e-01 -3.495788365360463779e-01
9.079769813532911904e-01 -5.508970029390444223e-01
-3.055543773602300006e-01 5.817893908102018258e-02
4.829460892652920334e-01 -8.900900503326300561e-02
-7.220175815380471818e-01 -3.042927091105398496e-01
1.665576234067604744e-02 3.139910456525064619e-01
4.964874070493058844e-01 -6.936072945910614074e-01
-9.061913685766574966e-01 7.876746548454990893e-02
5.667717273156536173e-01 -9.102241997797071438e-01
3.365797004792671077e-01 3.218482244688404270e-01
-7.725775973621196169e-02 7.548637664759485499e-01
2.515240990186967673e-01 -9.081776657420451704e-01
-1.294004626817334483e-02 6.512796833862711798e-01
6.351033513630365279e-01 2.390996714455964622e-01
3.338919794215849390e-01 1.258553758668855271e-01
-4.266561766179109982e-01 1.304236825232222563e-01
3.196633905563509015e-01 -2.828151186639271120e-01
6.623878833950008760e-01 -5.845405567612751430e-01
4.604697586168139400e-01 -4.034512713704327957e-01
5.172199978598178705e-01 -1.560877218470607397e-01
5.782303605158374271e-01 -2.934293645998752309e-01
-5.319547719783438433e-01 5.099498113026479373e-01
-3.530086234160185743e-01 4.395807618119779714e-01
4.518919866273933272e-01 -5.265394507802706459e-01
-5.575190868327654092e-01 -5.179398751205164242e-01
-6.853773255306446766e-01 -1.891375116402935486e-01
-9.180638518701590423e-01 -6.597479768367709996e-01
3.458010756305073818e-01 5.259599507741183899e-01
-8.099790769880551577e-01 -4.463110035220295702e-01
-5.365313757920796567e-01 7.818801263942384283e-01
4.042693656221466592e-01 7.784914815896273876e-02
-3.561366025818673009e-01 6.237256942545081895e-01
-1.033612289441418614e-01 7.718324200738434504e-01
3.907451711793483162e-01 -5.884524059210397701e-02
-6.886028134751308594e-01 8.956110794752852877e-01
-6.605487135950879329e-01 -5.062960336424180419e-01
-1.352867393906532767e-01 -1.668693451692389584e-01
-6.609913577055461786e-01 4.474979262690156334e-01
-5.851115212201315474e-01 2.891122925326740645e-01
4.700923459438707264e-01 -5.467382541611215396e-01
2.034891225968940842e-01 4.408281786966805615e-01
2.672987694940011649e-01 1.628353403928240184e-01
-3.781049512860126804e-01 4.378380676563242702e-01
8.432076243935467952e-01 -1.759329536389573900e-01
5.159221314899744559e-01 -8.289064634276765986e-01
6.231742259392601957e-01 -5.876748312352124692e-01
-2.087239219937098433e-01 -3.518271054806105247e-01
-7.795768170452110901e-01 7.707367497418249336e-01
-2.454506787597687811e-01 6.756217246588834546e-02
-2.824789566747439029e-02 -6.646999245637897902e-01
-5.777731633240279496e-01 -7.392423844926535592e-01
4.001567732059981355e-03 -4.319784279533809834e-01
-2.899461002130586662e-01 -6.955639685743461031e-01
5.284717567828505214e-01 -7.381774831848976204e-01
9.084990728494443113e-01 -6.289186513701046088e-01
1.165519574920890894e-01 -8.298751695047974497e-01
5.314944032968046406e-01 -5.879895912167997230e-01
6.418888739144767985e-02 4.315977138362289689e-01
-6.632120487333829084e-01 1.248664018121155433e-01
-5.267706295753644685e-01 4.950503816875053142e-01
4.088239256485530770e-01 -6.056477630665474399e-01
6.659292826638403273e-01 -9.020763683406909372e-01
6.876469154428939135e-01 7.311174937859038492e-02
-1.720046280999127930e-01 4.769279852049516655e-01
4.350481522781277643e-01 8.612181572400148255e-01
-4.449397683041987350e-01 -8.768156141360280431e-01
8.415745740925395513e-01 6.070149793509247438e-01
4.358858331022204546e-01 8.952813727767636523e-03
4.064953470931165769e-01 4.881464549888603899e-01
-2.253588806119783683e-01 5.004921040459289205e-01
4.817603832807401676e-01 1.814962183706941845e-01
-1.774296963164946062e-01 3.659398381571389303e-01
-9.319759607297473103e-01 5.432509666654806724e-01
7.416115822636638599e-01 -5.082274548002850834e-01
-7.340052498220270838e-01 -4.706939574037277696e-01
-3.585056683588545567e-01 7.110750128791464286e-01
7.217908127735488122e-02 -3.897416134932019105e-01
-6.973260187431599144e-01 -3.459810514133536685e-01
2.083450568381815804e-01 -3.286130555230800110e-01
-8.366261209735323390e-02 -9.711014457119673815e-02
6.204641706602136431e-01 -1.636405478183882711e-01
-2.852556349872887309e-01 3.307541857279180930e-01
-5.310624561870759264e-01 -3.340012678724262746e-02
-3.463002023584233480e-01 2.466046847472851133e-01
7.150452012192149986e-01 -1.296114509069765941e-01
5.388398711022190923e-01 -1.042161856375086598e-01
2.799611295487930973e-01 -6.803173158065335402e-01
-1.084367249619217627e-01 7.464678621080054199e-01
2.129197366039702610e-01 4.726837593950291017e-01
8.847031154079679563e-03 -3.952505585268603801e-03
6.319057613495913106e-01 -8.134408824597620935e-01
1.598481511908944330e-01 7.939500552885505602e-01
1.978574476806860966e-02 -5.542229697059112281e-01
6.500139625846231839e-01 -4.814432452044972721e-01
3.835056991470585652e-01 5.419263828597417620e-02
8.591347481149277376e-01 1.832298708176009761e-01
6.197707473630756914e-01 -9.212680320880918261e-01
9.107905492081523890e-01 -8.091071268266779581e-01
-3.174897157211611920e-01 8.233777990637843880e-01
-9.186799624269567088e-01 6.292183127799869657e-01
6.839771072310062427e-01 -1.423251333024223575e-01
-4.503596681393398637e-01 5.700797289038417315e-01
-5.905095634820359263e-02 -6.592541014623579665e-01
8.318308064147919012e-01 6.764322588389342084e-01
4.695653918609645969e-04 6.458896522411604613e-01
-1.462972282169763272e-01 3.393539220030414860e-01
-1.936829959231206599e-01 1.984743408333850684e-02
-5.686848376947170047e-01 8.697426570120041500e-01
-4.096480168387473531e-01 -6.980637407483923917e-01
-6.987969242873623976e-01 -8.457812013243812821e-01
4.135668705122674260e-01 9.661469496166227855e-02
5.604071079665133848e-01 -1.452223605094002737e-02
5.639162768778192003e-01 3.269737708353432915e-01
5.239328485374049604e-01 -1.949025624325242678e-01
2.661028815662873637e-01 -5.928078711054116656e-01
-3.539571890759775630e-01 -5.755738762886278836e-01
-1.857006780087047393e-01 -4.591753962335945460e-01
-1.549263276218938168e-01 8.680857758456710371e-01
-3.192459398217717403e-01 8.892648904381695862e-01
2.533638503237831685e-01 -2.385453729300779369e-01
6.852282353779615143e-01 1.831136645394769447e-01
-4.578735877713501212e-01 5.526393331252554830e-01
-1.341122664813247933e-01 -2.514736710720394952e-01
-3.135382666353995762e-01 3.726908129257405777e-01
-4.255644571182225500e-01 5.789895396027538998e-01
-3.871688117745874513e-01 9.878457260056375255e-02
-6.482492569605191428e-03 6.437913735256537429e-01
7.237960803826737344e-01 -6.068270865295078975e-01
1.807418002953383729e-01 7.122464086239492786e-01
-8.287954175181477812e-02 7.679577430164405971e-01
-4.151544564757659872e-01 2.173257044056098874e-01
3.342908889418791385e-01 -5.084719442754891405e-01
-9.283312599882548311e-01 -1.055015917514773999e-01
8.264002945956019364e-01 -3.245631751810015841e-01
5.167884200200650868e-01 -6.141978394891624005e-01
-3.169777939143032519e-01 -6.280926691315754651e-01
4.213884204054388904e-01 3.403441292402560325e-01
3.469499219613935703e-01 -4.634752880998586622e-01
3.530837224357920578e-01 -5.110333961812306702e-01
-1.492043888437291077e-01 -2.246421390744239854e-01
-2.956185435964945873e-01 -7.865699680448843267e-01
2.599141703458360819e-01 3.627250850336720678e-01
2.228440777378052629e-01 2.576903003339915954e-01
-6.437977267207717347e-01 -6.033663405654187128e-01
4.435965831393633846e-02 6.774836312772797298e-01
-6.026196098456014782e-01 -3.788843257559076916e-02
-1.352459382077880190e-01 1.689981752585453714e-03
-6.508739870223593238e-01 -2.535501805989133772e-01
-4.367543434520547163e-01 6.451746231769094342e-01
5.676158975649728822e-01 -1.605351127782381482e-01
1.870232543537278802e-01 -6.511115182850536476e-01
8.859598187854341236e-03 -3.681180284017286364e-01
6.917597134935176140e-01 2.769770401085627221e-01
2.363678439105216522e-01 -6.910282808422183454e-01
-3.335258625138210614e-02 8.827073782429578630e-01
8.590759225430201207e-01 2.208046657011116243e-01
-6.557188182333190118e-01 2.839219738258780823e-01
1.233893349263230910e-01 -6.275971734668529811e-02
-1.322172537518963575e-01 1.862074010049865058e-01
6.770416519859498994e-01 4.216938065850056039e-01
1.705861222060628402e-01 7.607262254875331031e-01
-8.047655258828921854e-01 9.289891064031690071e-01
-8.638248787833352482e-01 -5.020034629427200246e-01
-1.650741967958318235e-01 -7.026641410976589563e-01
2.141681089925869530e-01 -8.289389347745178549e-01
-4.298524909676160188e-01 -7.738967832916968659e-01
3.947625525422571724e-01 2.857777737532907203e-01
-2.453157147228831325e-01 -5.526450069636474893e-01
4.622241101042207645e-01 -3.115913234840374524e-01
5.608918248973329135e-01 -4.927495635317880734e-02
2.693536162188617245e-02 -8.551172428912326984e-01
2.672999359219085380e-01 -2.834710527883643194e-01
-5.179262790815447604e-01 -9.445336165260914685e-02
-2.248646408609908387e-01 -4.373441643280068930e-02
9.053462051283195366e-01 -2.897547297727935955e-01
5.241805872169637004e-01 6.997595489459010332e-02
7.331232288109429396e-01 -2.984189733761896668e-01
-4.647786493541860020e-01 7.669453860555480729e-01
-8.469665315245524795e-01 8.575426477840596418e-01
1.015113263648088765e-01 -2.288327719177176978e-01
9.207536370468111242e-01 -8.446354584782019836e-01
1.001482556452185264e-02 -8.495723608305744134e-01
1.205050830221987834e-01 -5.844832474532786204e-01
2.712977072079451601e-01 8.576140401249420231e-01
7.105643361861886387e-01 -1.218830392691060555e-01
4.092141071190029122e-01 4.824713336617219017e-01
-8.481347921930964054e-03 5.208191550875119341e-02
-6.700174914847696339e-01 -2.037986162375353960e-01
-6.697171166235573736e-01 4.435321983218386555e-01
-4.607606520158753077e-02 -9.032152396776835235e-02
7.351749117682246926e-01 1.414227047997273883e-02
-1.835639658377870576e-01 -4.095313755930265476e-01
-8.175260604862616409e-01 -1.083506795016689478e-01
-9.113666912145569343e-01 -3.337099709039130224e-01
2.828364637478399807e-02 8.423259779205934938e-01
-7.346501167054320103e-01 3.491844936423663670e-01
1.272386958204329427e-02 5.011453197855088026e-01
-6.969383038095660066e-01 -7.207277154844287104e-01
-1.778408196795204510e-01 5.464125750770750800e-01
-5.737935662250250868e-01 5.128832779693180965e-01
-4.118354453508595858e-01 -4.925558507688536092e-01
-9.235640052711010517e-01 -1.384458940685299733e-01
-2.187077370859741854e-01 2.992107121295091710e-01
-8.319213755933015930e-01 -5.884707136690784379e-01
-9.370422224451185889e-01 -6.536142113691021382e-01
2.840803600548562069e-01 -1.901281612260620202e-01
-3.375946955411627814e-01 1.213377015983835433e-01
9.537254609790590809e-01 5.591514791377857341e-01
3.989412642456058311e-01 7.379130812910532633e-01
-8.950379125858277662e-01 -7.343657371354247454e-01
-5.641752644724025434e-02 -2.703731974982970243e-01
8.308587527116320093e-01 -5.943356144614994618e-02
9.371752402448860209e-02 7.111601696627317670e-01
-8.397450498184329259e-02 6.868264560716436096e-01
-4.790036629253239253e-01 -3.862118707551834285e-01
-3.241285439668848412e-01 1.019431504693416868e-01
-5.241651312081596625e-01 3.359960692275681393e-01
-6.979799539363437111e-01 -7.009435822523064630e-01
6.916370417998427556e-01 -5.102201823972922767e-01
-2.134210924045114588e-01 1.399604325711622799e-01
2.939202428647785803e-02 -7.691648717198272811e-01
7.322464324064644758e-01 7.811843125852345748e-01
5.841390851816607999e-01 -4.199893716579691239e-01
4.549660571865339620e-02 -2.930020567146343069e-01
1.259423131166864385e-01 8.528992791927090256e-01
-3.501781003180405860e-01 3.227401528109521966e-01
-3.181558432353397969e-01 5.125430532940324913e-01
-3.131045965361656247e-01 7.211711225224272104e-01
4.907507327035777189e-01 4.516270947696309213e-01
-7.144460920994130659e-02 -5.202583308872792411e-01
-8.800526120705213229e-01 -2.796921344782136720e-01
-8.710913651186824591e-01 3.935319012005406014e-01
3.206598460751420299e-01 -1.415459590792729483e-01
5.108145273770882122e-01 4.028091218340375951e-02
-8.917986356653876401e-01 -6.178009834362848673e-01
-5.905264757554262722e-01 -2.687659796607199114e-01
-8.463071323560331649e-01 2.316358374108943019e-01
2.837961200165898742e-02 2.113123351353280999e-01
-1.124844517495853097e-01 6.350999596884963072e-01
-1.098237391215145936e-01 -8.721430914345120744e-01
7.165555444299481769e-01 2.478868429143731567e-01
6.350766964652458935e-01 7.870843027179278417e-01
-8.661335537104686289e-01 -4.374696571404043666e-01
-8.338442158840905227e-01 -1.011773637872270398e-01
6.723392969560300081e-01 -7.903939031544446880e-01
-6.849013523650271384e-02 -6.747203427949991505e-01
5.346704825038244291e-01 5.921563189317355924e-01
-8.689650540056222949e-01 1.784420727258797384e-02
-4.744682753481172521e-01 8.424835296566868248e-01
8.492529168412559226e-01 1.648749264659259417e-01
8.930409241735152159e-01 -3.244950008099068972e-01
7.533957536567300606e-01 -1.551930938514151370e-01
-4.818462465814081219e-01 8.217553962193182571e-01
3.300714471676729489e-01 -8.039571441730842816e-01
7.136253771812737234e-01 3.298389333215057118e-01
2.102744440664726933e-01 4.105222865111138875e-01
-4.641228474711306395e-01 2.046089029359206002e-01
5.775009141903255649e-01 -8.355820667062455742e-01
-6.866227567490587047e-01 6.535972919595509634e-01
2.264609570014691764e-01 4.560647947777317357e-02
-4.880769247994354854e-01 -3.472557690795780583e-01
7.049509747448350350e-01 -1.762411988652218542e-01
-8.097310992428095044e-01 7.583628244429418963e-01
-5.488277318613299371e-01 6.175063708552118724e-01
7.252419449301942267e-01 -5.937642324458963089e-02
1.884746119783572982e-01 4.017983995974697131e-02
2.537890729282662461e-01 6.305227786177131089e-01
-3.964165215021793198e-01 7.142411388581924037e-01
1.108465079635383155e-01 -7.023749973786470591e-01
-5.145979308155472776e-01 1.989111610469911362e-01
-5.124839313670357388e-01 -6.424237603586159251e-01
-6.269294141844877766e-01 6.550790865679815278e-01
2.157820206925766815e-01 8.288935775466442779e-01
-2.889731814253663766e-01 1.872558599783599731e-01
1.935663195970905026e-01 2.000717539221689989e-01
-8.265214548299553154e-01 4.935976085057830476e-01
8.537845083862136697e-01 2.113993574353874999e-02
-5.728087301744709814e-01 4.859427139863116696e-01
-9.446951528371321238e-01 -2.648997152852241577e-01
7.980892465775555333e-01 1.210754079052174526e-01
6.801744902459722075e-01 1.563529046339492412e-01
6.309157821487585416e-01 6.563815323707191673e-01
-3.578449582208267921e-01 -6.652895334951987039e-01
4.179948823913909317e-01 -1.284128934975366232e-01
-7.055172459527382367e-01 1.970740242271979137e-01
-8.959746939804112964e-01 -4.991916273491584510e-01
5.255139544356322023e-01 -9.091293007585814490e-01
-3.960965029595772124e-01 -8.473609019494874328e-01
9.496677350005303664e-01 1.022042238439608425e-01
-3.729558530022789586e-01 7.949331487684038189e-01
1.143461364468271665e-02 -8.260067421941703902e-02
1.561293400270702125e-01 -4.347143127812087560e-01
-3.761562678141984195e-01 -2.140535328066982823e-01
-4.819568355609094579e-01 1.766120138613022916e-01
3.525061287533853838e-01 -7.923116982760897153e-01
9.074037758255736330e-01 4.139846854234889850e-01
5.937764733982210386e-01 4.266968058839269440e-01
-7.992746236582674024e-01 5.852772177648554730e-03
-9.529176628760253898e-02 3.169607155948531707e-01
-8.798879195632534900e-02 3.742612410474008278e-01
3.545045762262295508e-01 3.396977561136075296e-01
2.093060335754146073e-01 -6.422119855307006908e-01
5.088965291864776530e-01 4.840851068586244366e-01
7.559683389986239233e-01 -5.189723935624310780e-01
-6.197781000894084791e-01 -1.669571763111116491e-01
-3.265260003672256772e-01 5.871931306887773205e-01
2.279050809097404040e-01 4.596884511748861035e-01
-1.561084570823721152e-01 -7.177115865129582994e-01
-7.378015611307442434e-01 -1.932352038258451643e-01
-5.672070708222771707e-01 6.084781074019786073e-01
1.981959731875686803e-01 3.322886556730718643e-01
-3.600399180791245130e-02 -7.439734614241534372e-01
-5.054750906395781840e-01 -4.486816611442147329e-02
-5.950743253953328926e-01 -8.302279657460736040e-01
4.465835950329110071e-01 3.854875325931158558e-01
-3.065423493043125669e-01 6.369513228619667622e-01
-1.191365881679048583e-01 6.661819766860933578e-01
3.023854614769439508e-01 1.319848901243640682e-01
-5.676332426325646496e-01 8.119768306619662424e-02
7.408853825871696275e-01 -3.892626147831515504e-01
7.242335482569346450e-01 7.048153413574926862e-01
-3.150233433090053881e-01 3.468789443018085450e-01
7.393544500522418739e-01 -8.043963150341266743e-01
7.054655540971173089e-01 -5.942442410462025482e-01
6.727633138392319356e-01 2.697922909607700648e-01
-3.121262618834645952e-01 -6.160561303714838788e-01
2.735106023862760583e-01 6.164256858387562321e-01
6.178768869898366711e-01 2.020682538921606541e-01
8.717321136439846185e-01 1.202995558738767512e-01
-5.777851575852074317e-01 -9.977671258170857371e-02
-2.875755768002586921e-01 9.048389909890088845e-01
-2.048524905481545477e-01 9.021716048925810805e-01
2.055190373320424715e-02 -5.944346857827458308e-01
-8.148733752953027931e-01 -1.950908850394118821e-01
-7.097504758222292764e-01 2.782138499825631550e-01
-1.408934941123980433e-01 8.958183273704798388e-01
8.012008793737946943e-01 -6.742500096808092813e-01
-2.016412694217631918e-01 -5.973284755048578754e-02
1.288851327333375152e-01 5.013905220405232566e-01
-2.805896433571128043e-02 -1.435057088832651373e-01
-4.334533339606457258e-01 7.650311331152110927e-01
-8.934057809479379886e-01 6.250732343957743353e-01
-5.836959248035771264e-01 3.648450755947194035e-01
-2.532937948447183674e-01 8.710567840012435337e-01
-7.317106245004979526e-01 -5.300441994740093810e-01
7.443114683227806117e-01 1.147158957840979654e-01
-3.858335520764417104e-01 -8.851848263597632549e-01
-5.343625627495798280e-01 -6.160270402355038089e-01
-5.454758078860477699e-01 7.442700514658504574e-01
7.186503138207434027e-01 3.276184540157803249e-01
-4.091913931037240854e-02 5.943703749181941109e-01
-1.426693118069131440e-02 -2.464969591260909587e-01
-4.069430129048349776e-01 7.889704250541984543e-01
-2.151963814146811427e-01 -2.391722801380337295e-03
-4.490286315249657489e-01 7.190009852601443319e-01
-2.313389138318958094e-01 -3.552621440074720804e-01
3.993728629597049218e-01 -5.792545133509081623e-01
-7.102956222023494304e-01 6.448870678124566380e-01
4.683716149686260599e-01 1.410614829608944631e-01
-4.831210595283280118e-01 2.467460864482790006e-01
2.550558030618076399e-01 -3.246794272621582045e-01
-8.046777246010825557e-01 7.283351857373877580e-01
-6.389482656822303985e-02 4.809349807451853143e-01
-4.636902298809789658e-01 1.881064156910150498e-01
-1.408494546844225315e-01 -2.066186375237915873e-01
-7.215874307257469367e-01 -4.278722903535366329e-01
-8.089373221772596656e-01 -3.175134207010524290e-01
4.648854929683806092e-01 1.855871421170887658e-01
3.050010883654638016e-01 -9.050950843830597448e-01
3.392937901092413777e-01 -1.079471148319896892e-02
-5.266999923139621398e-01 -5.629955605041536693e-01
-5.829710170073645337e-01 6.518252099297375812e-01
9.367331066613733270e-01 7.034911138610062675e-01
-2.771974650246677996e-01 5.209518467032184796e-01
1.030009517130157370e-01 5.679846090075987286e-01
-2.676763575611224022e-02 1.641887339641944221e-01
5.276289474443193184e-01 -7.496334780979080348e-01
6.414524912766302045e-02 -2.458054119083474542e-01
2.195978302122339187e-01 8.200797692601342614e-01
-2.087387659719482091e-01 -1.836187615018030350e-01
5.593141356379458529e-01 2.354170558345845543e-01
-1.929930602349779201e-01 3.515737205604709259e-01
-1.993986464468386899e-01 -6.491931533587415037e-01
-1.015214416401147152e-01 -2.948780958689090070e-01
-5.164743035852075170e-01 7.961868280127358810e-01
3.651429378007823301e-01 1.611282121347088481e-01
4.709139752674976198e-01 5.302462028768317737e-02
4.012417886354540664e-01 7.600757559311972500e-01
6.740145021512937706e-01 -6.350776619186672134e-01
-4.702109964407362730e-01 -7.527811319933767065e-01
8.978684602050828190e-01 -5.211598117470495062e-01
2.863100984165348750e-01 -7.570609406046179268e-01
-5.497771679941588774e-01 3.193819516514988244e-02
-7.562517525478095193e-01 -1.643288758418208761e-01
6.476758099806753655e-02 -2.943271583307149886e-01
1.079878805128464819e-01 6.131087155658790366e-02
-1.988776604835144068e-01 3.651068089861497223e-01
3.480343672640759944e-01 3.221855467063718392e-01
1.103301127562708872e-01 -2.623702271657322171e-01
2.352697527683301482e-01 7.775470466822017590e-01
2.064576357859395916e-01 8.583629292696696167e-01
-1.010497442991217937e-01 4.388167016973174572e-01
-8.668702538908429345e-01 5.216587070961733463e-01
1.181401403137033977e-02 -8.963432368147714602e-01
-4.219914997255075351e-01 8.366290388111176368e-02
4.887464184445864390e-01 -8.331006368769661163e-01
1.072256170408454889e-01 5.398057218840223159e-01
3.044122041245235777e-01 7.664066337997034184e-01
-8.189108741512501899e-01 -3.642011664796288017e-01
8.093834204798282528e-01 4.403779721842125960e-01
2.050791022454894474e-01 5.929287915327030589e-01
7.749192019383686070e-01 8.181876659367286475e-01
9.311179073845354814e-01 -6.979481997200470689e-01
-8.363075104301077589e-01 -7.315576336038625005e-01
-9.007284347388569978e-01 8.983129361668562574e-01
-7.546148740706394298e-01 6.556308236886677632e-01
3.514903452324734112e-01 -3.968067154906838173e-02
-2.982655641561311466e-01 -2.504603278301045788e-01
-4.489595947565160894e-01 7.661712765335991770e-01
4.070231528809739596e-01 -8.783066468131224269e-01
-8.330298481822999423e-02 -3.919526292400686840e-01
-8.777292195157787580e-01 7.394020255394359031e-01
5.073623601848148423e-01 -3.330680451644695839e-01
5.557100472766062227e-01 -3.446560932792900878e-01
-3.454144116413438992e-01 7.920676357442463233e-01
9.078482414217144969e-01 -1.640611570665664182e-03
8.772557695760317964e-01 6.597776882702724999e-01
2.838292308578188594e-02 -2.318097506575880207e-01
3.978875883246982825e-01 -9.973342839664382786e-02
2.227863457672678293e-01 8.771517674030935297e-01
5.131074454885886649e-01 -3.251249726626813108e-01
-7.960481792759473985e-01 -5.317296304582802557e-01
4.720821673482452491e-02 -1.524132519444731659e-01
5.917339821557663360e-01 7.555666058523976547e-01
-5.957716563014056055e-01 6.810724585633528561e-01
8.909514873247580402e-01 7.885339245880379488e-01
-8.991773166995123967e-01 -7.572512032609757249e-01
-9.483105124271534736e-01 -2.929262462577947868e-01
-8.543070807608025286e-01 -3.315893321152597606e-01
-2.527117599703253004e-01 8.338427540871390375e-01
-5.410877719440456562e-02 -3.989231620196656558e-01
1.236301106018179892e-02 2.589876067348897970e-01
-7.271650232198383357e-01 5.027735670092586817e-01
6.851179084512245554e-01 5.899362979085877035e-01
7.369861145377725187e-01 -2.499161836158158845e-01
-1.253221563883818168e-01 -7.153369224526070491e-01
-4.994594961870916228e-01 8.778302139754706745e-01
-3.905962207457874813e-01 7.567653384241027625e-01
7.621497028700051635e-01 7.278804333175279417e-01
-6.361468442081031904e-01 7.186340894250363709e-01
2.375388885294068830e-01 -5.355806059127238283e-01
-3.102532392307234543e-01 -6.006775593798371338e-01
-1.251157420217633154e-01 -7.475908272467211013e-01
-6.503711771574627321e-01 -5.165813183057061941e-01
3.666214245123761151e-01 1.157537464730291066e-01
6.979508915885206388e-01 -4.964668141875846485e-01
2.248280977749691489e-01 -8.540156748168156176e-01
4.764524498937258712e-02 6.554014856239455122e-01
8.977314973198304848e-01 -9.313167211839782356e-01
-4.827283878782185345e-01 -4.764971626419870487e-01
-8.829813631067454649e-01 -8.438927629294118438e-01
-3.972313772998666004e-02 -8.210973163142257780e-01
-4.149700529196785337e-01 2.737107878564440933e-01
-4.010338123716268299e-01 -3.975398843226701784e-01
1.666140575584831862e-01 -2.244566075665969385e-01
3.848751358779344267e-01 -2.579690116045663811e-02
2.464694790582265538e-01 -2.774970725127723914e-01
-4.219038140108640755e-01 -6.435992592251892352e-01
8.451553425385044394e-01 5.107575894882504519e-01
8.182262903285246747e-01 -6.096306893036055330e-01
8.437657518289944925e-01 7.478889572565056154e-01
-4.219975291979404242e-01 -3.875001483185098738e-01
8.318930455845736927e-02 -5.739332763982230023e-01
-1.246782418395193381e-01 -5.637399003332941305e-01
8.503047082155305025e-01 -5.266893124841615786e-02
8.887647126557359778e-01 2.190954425772333736e-01
-8.127470127573931807e-03 8.472934263034979097e-01
-6.722617532515727801e-01 2.724212324310968381e-01
3.047279907183506054e-01 -1.346698237742788573e-01
-8.381270236393665307e-01 2.771471949391395712e-02
-5.206284634223439650e-02 5.579935803458806465e-01
-4.676936144452905064e-01 -1.737776348865711085e-01
-4.853601835018159227e-01 3.612903615781025146e-01
9.164486999269806367e-01 -6.288205513489505405e-01
5.986859497434293687e-01 -5.163327481868618118e-01
-8.571684755806171507e-01 -6.122050789178535846e-01
8.453735367251014043e-01 6.623212182317584906e-01
-3.799084828662818158e-01 8.293416274500599039e-01
6.622883883930467119e-01 -1.506396061039331769e-01
-5.472417099812850599e-02 2.378063003079244342e-01
-6.726860165708162809e-01 -8.458060951179421361e-01
-4.683043884014179703e-01 -8.545800395707471298e-01
3.341600616370292709e-01 7.689535279179486593e-02
-3.261020878129057277e-01 5.232976428307565264e-01
-6.852974694860958227e-01 -4.285311127855302993e-01
-4.089750447656562704e-01 -5.306486934630381125e-01
-7.662875190806814896e-01 7.073358157278862857e-01
-7.744516910061177706e-01 3.704462335393042816e-01
-7.444227455323589870e-01 -8.496996292540246465e-01
1.277661417202080874e-01 7.309543876801343210e-01
6.778394758363440742e-01 -3.256023124116935175e-01
-8.850533980990443750e-01 5.879745521528723096e-01
5.988572739531987654e-01 6.380353302471085675e-01
3.368227955885230718e-01 5.408885184019157633e-01
7.536178350791679081e-01 -1.203734673494372270e-01
1.102270161505552737e-01 5.724164798512935796e-03
3.735006238831113934e-01 3.129823041258883998e-01
5.385721102333215771e-02 5.921584334005453032e-01
2.605597482675128806e-02 5.869786721639339566e-01
-4.296877985487158602e-01 -5.612130233041305871e-01
9.045817006029389651e-01 3.939662598043862096e-01
-4.529376461561940292e-01 1.691989646722555918e-01
8.461397426132275523e-01 -8.004492059045352770e-01
-7.862962874995595985e-01 2.540915997117165759e-01
-5.115178163192032335e-01 5.051490313651162412e-01
1.372858980456972133e-01 2.942331563391545890e-01
-7.649412317628146996e-01 -7.154534227184402573e-01
2.337045057212393528e-01 -1.748600526384071763e-01
-7.907327968875451640e-01 -1.948956814787204672e-01
3.128987147889673581e-01 -5.773578246824420113e-01
7.732605210812081298e-01 7.768486973917043681e-01
8.882547934287143843e-01 3.732924030228619294e-01
-1.668671863033495129e-01 4.495196114157684053e-01
-4.117060775872263823e-01 -3.159637499160247165e-01
2.057388658372280299e-01 1.617099694529765541e-01
7.085619526251183409e-01 -4.789369710511566236e-01
5.265563633620370387e-01 7.728905830262561283e-01
-9.497898889720907123e-01 3.043086524048737099e-03
3.145032545865490969e-01 6.063407782009416769e-01
-5.847834603864718872e-01 6.734606273485133077e-01
-2.396859243430617681e-01 7.220192500040250039e-01
-9.171872803886829129e-01 -7.060205754784444343e-01
9.203796185004429198e-01 1.533790754050883831e-01
-1.719473648518532183e-01 -5.905935683423964022e-01
2.635293272212190785e-01 -8.512976350083341082e-01
-3.663639297825658225e-01 -3.017666979910583192e-01
2.112740433081340408e-01 2.628152771295216850e-01
6.777821742896096291e-01 7.411891247987162368e-01
3.087024774998504140e-01 1.264946780995482023e-01
-1.709285110421571996e-01 8.532759172424696503e-01
-6.393706133577418127e-01 7.466135287897085471e-01
-3.570698314465468592e-01 1.052250202314718580e-01
3.339375303358869118e-01 -4.934905007909002328e-01
-6.313353352646779992e-01 4.616221844834857840e-02
5.638423513771924078e-01 3.209116872470788029e-01
-7.058546523955596674e-01 7.600980492200094529e-01
-1.780685555325458094e-02 8.097055223682456671e-01
8.233509678723678615e-02 -7.558529941618860049e-01
-5.492735400054111761e-01 6.682490868138426521e-01
4.098457512628544408e-01 6.951551599508178914e-01
-3.235441411123584077e-01 6.649042341394799382e-02
2.903238155047583868e-01 1.565757310755147846e-01
-5.139608950052856340e-01 -1.074346667127199645e-01
-4.628826205030559526e-01 6.484196017641511434e-01
9.052112836325066914e-01 -8.290139102981871622e-01
3.988594959052398914e-01 -3.270851852352378852e-01
2.272704724659780628e-01 -4.490645178146887573e-01
2.811326987504197961e-01 -2.470416720224080653e-01
-3.710063883077154845e-01 7.637173111848019058e-01
8.465851781334702286e-01 1.643097877536987550e-01
-5.224981581324193991e-01 8.211872497353892575e-01
4.878308262999880296e-01 4.308689229812897037e-01
-5.327877894942536496e-01 6.238383459149642318e-01
-4.880494782547763477e-01 2.621493590452977362e-01
4.119192365543738465e-01 4.188072772506189478e-01
-1.965872715717931762e-01 4.800802537486376087e-01
7.701525438164744664e-01 1.207230668655951272e-01
-7.959586641522604644e-01 -6.330106496980459907e-01
-7.656898750371153861e-01 -5.552628288486363139e-01
-6.973547943944182759e-01 5.379680578845064121e-01
-8.876991782876513248e-01 -4.246716897284935621e-01
7.426778750050846423e-01 8.212066618970260690e-01
2.225267876070778916e-01 8.515093117369455511e-01
-8.472249538851198691e-01 8.536065441153682931e-01
-3.449137370546564996e-01 5.582048701361154164e-01
6.072934239755225505e-01 6.222509987682881549e-01
-5.883262824386266410e-02 7.826761156778674344e-01
-4.401649498577008823e-01 8.081644504184152256e-01
2.489969682082387725e-01 8.668891067427452191e-01
-8.781355568079594054e-01 4.505736155392404685e-01
1.242861871907433302e-01 -1.978240425954135018e-02
-4.658280420593554627e-01 -2.908449701413195476e-01
-4.893658813971007437e-01 -4.844699120349514887e-01
5.698530885812783664e-01 -2.346650082368094067e-02
-7.796295193913481691e-01 5.395980245020762789e-01
7.507998904852163091e-02 4.298173311340669489e-01
2.462713582826327879e-02 -1.823782858641349869e-01
9.026147091689714630e-01 -8.982914441983024245e-01
8.427935305304727898e-01 7.390667189269539694e-01
-2.206388854392469512e-01 -5.062785001751939351e-01
2.117226121390989313e-01 -5.934538252897509913e-01
5.650734487741320144e-01 -4.731437167172539704e-01
-3.784469339452594672e-01 7.715998454080520430e-01
7.677025929590429731e-01 2.661078067401771718e-02
6.830220607991623893e-01 -3.003571350995061784e-01
9.435465256167416825e-01 -1.661098137810455289e-01
-4.113846182403135265e-01 -8.100402013333151130e-01
9.294460955204906227e-01 -1.089290864911533763e-01
4.525450062529370876e-01 2.328928973222634813e-01
4.033446328883444898e-01 -8.325222765612407816e-01
8.184258079607856784e-01 7.329875804560793684e-01
1.203750898559457494e-01 8.341801233397678761e-01
-4.117291392490365354e-01 2.050542853116959774e-01
-1.909163985458233181e-01 2.411377973862001978e-01
-3.642431674690840282e-01 5.960618569710860459e-01
-8.392101864654024634e-01 -7.886171407653654875e-01
-8.729406322544682739e-01 -5.903606758298712842e-01
-1.778470090575318963e-01 8.332919006632538705e-01
-7.331466923089627885e-01 3.029576572165924575e-01
4.570953650651016220e-02 -2.679770689978107634e-01
-5.867701318299874957e-01 -4.773161039162880925e-01
-8.574403324510611046e-01 4.278295702622993413e-01
2.898866668040466221e-01 -1.159646488980547036e-01
3.981771435965940631e-01 -7.256779992795249212e-01
8.502558938732310834e-01 5.879939071333600831e-01
2.967527457245801581e-01 -2.338897121135789514e-01
-1.594585416720165072e-01 -2.453542716169309496e-02
8.444647491255751204e-01 6.171879432576675706e-01
-3.944446887858244627e-02 1.006459542953391795e-01
7.345893511067926873e-01 7.776816821935315094e-01
2.761574599325101742e-01 4.365437599387448908e-01
-2.627148945838685967e-01 7.697785786973448952e-01
6.426776081081306824e-01 6.290567170450077350e-02
7.151936251413684165e-01 5.986491804559129770e-01
5.692499633406887805e-01 -6.965108737133973715e-01
8.704056277983820977e-02 7.214864678242842722e-01
5.112522082101832455e-01 -1.685157606069562497e-01
8.970292536114369275e-01 -4.950633355487535914e-01
-2.952882616827522400e-01 8.368680052672943237e-01
6.055259497240348399e-01 6.953869753161633360e-01
-9.341863914433130578e-01 -1.721417845180564787e-01
-5.123143324570853530e-01 -3.445223186556510830e-01
4.628919129302239144e-01 3.831854444841943375e-01
-7.887925716664652420e-02 -2.401108331131349971e-01
1.625867151051675341e-01 5.310493439056886145e-02
1.015224733844013877e-01 2.041511697655511159e-01
-1.857999215385205960e-01 5.010897905787765616e-01
-4.658102301032456261e-01 3.047767569197764037e-01
8.523219965486490413e-01 -9.405421229747181755e-01
4.065383041080836146e-01 -7.278622148220377230e-01
8.913935153906088482e-02 2.254688511053720701e-01
-4.695369056565817378e-01 7.722923590009634909e-01
2.201069155028325119e-01 -4.965831072066901886e-01
4.953020100105210433e-01 -7.385089710996898260e-01
8.621244824489114611e-02 -7.376549825334519639e-01
1.425168220792293605e-01 -4.542540758889437313e-01
2.941902236700438822e-01 3.764631814318940561e-01
5.329005644728937452e-02 2.826378233542317653e-01
6.099254321722820116e-01 5.270809910999608716e-01
2.252821326362713650e-01 -9.953465894694722704e-02
-1.576320643327269455e-01 6.862793827835566018e-01
3.712185410084879456e-01 -5.886277381098613537e-01
1.439372999243970774e-01 7.332418778117106850e-01
-6.481135483137574482e-01 6.572809109372198533e-01
6.087670246312503197e-01 -3.089510067082612207e-02
-8.955366225044192330e-01 -5.946046010808266891e-01
7.824153688728928691e-01 -8.636133002420577354e-01
-2.368954358799905124e-01 2.271137310216160832e-01
-5.538759308362959377e-01 8.981572115067439910e-01
-6.522502624939413574e-01 1.036741424964896935e-01
2.118963930435342480e-01 -4.974586525169206186e-01
-6.447340752935085129e-02 -1.313597327290140851e-02
5.136108852574176042e-01 2.180946890502630797e-01
-5.395357060333079435e-02 3.049299590413317995e-01
-8.745044789590325496e-02 5.082496379427683258e-02
2.866968666725039361e-01 -5.912755925046082606e-01
5.524367187426088011e-01 1.593137082142921102e-01
9.003753586569392953e-01 -5.466347927875775392e-01
-4.578642039781602446e-02 7.186573223006020861e-01
2.033347675179318359e-01 3.992427645918572021e-01
-1.555893138966006617e-01 3.413368977126627346e-01
8.341736795669660864e-01 -5.835990749659314414e-01
6.061686131269132805e-01 8.206585315398220448e-01
-9.361546161912005504e-01 -4.700196721304943370e-01
-7.150735221625589277e-01 5.191359595074053201e-01
-7.731109448570753218e-01 9.402416002323428224e-01
-1.910852798801296881e-01 7.430593865780688034e-01
-5.948466159195460179e-01 -7.804511024311981682e-02
6.600059245817466724e-01 1.403114177230667670e-01
-7.136168800798088629e-02 2.638775632052909811e-02
1.377096491558925939e-01 -1.147881484630608601e-01
-6.005383010473756000e-01 -6.697256173793286749e-01
-6.838731892932271572e-01 -7.769774915668837822e-01
1.276889456167394077e-01 6.234190110391591988e-01
-2.875529874529469954e-01 -7.549921009154123563e-01
-1.364880470877367635e-01 1.913738616928633562e-01
-1.274176454827511129e-01 5.688670068110831535e-01
8.573110029483128613e-01 6.280013981053820249e-01
3.864844973772080250e-01 -7.263906589260749058e-02
3.247930931048004788e-01 -8.969430085904552818e-01
9.021207673012960893e-01 -6.378131934573325612e-01
7.866630970374112186e-01 5.177292821694592373e-01
5.599351583964983226e-01 -4.457272117532941058e-01
-5.372723077983915241e-01 -1.027131223068891153e-01
6.619540965182243442e-01 -1.221489320929200206e-01
8.210266143687298124e-01 -3.068246842812826780e-01
2.492950063609696565e-01 8.582807860984416060e-01
2.516829492963157389e-01 -8.352860333487970301e-01
-7.695312982471379237e-02 -2.954757007119093726e-01
5.120247882946832307e-02 -3.922771538737089836e-01
-7.103851215255914120e-01 3.393956125633696419e-01
3.618461695000556588e-01 6.471567778026828810e-01
-6.850985158000322262e-01 5.741642267851536641e-01
6.280792975670739242e-01 2.347266130198382705e-01
-5.720942871054442991e-01 -4.041037737515723594e-01
-1.530224085904900999e-01 8.315525852113868355e-02
-4.440625928541527823e-02 -5.675664423815952181e-02
6.633017820991850000e-01 6.378141190765030943e-01
6.197642943632364343e-01 6.538796830401238935e-01
1.565312813823160065e-01 8.326337866491899664e-01
2.073929840104008493e-01 1.781085343229261431e-01
-3.351626529274360777e-01 3.444750441469860980e-01
-8.687935199853532575e-01 -6.193701281689045768e-01
-6.958180870195953549e-01 3.149858306258030982e-01
-6.246547134745922270e-01 -2.571722592919940542e-01
-8.787454845576804230e-01 -4.392762518963022611e-01
8.830487416179131355e-01 -2.653477461771634044e-02
-6.623411639212394286e-01 7.397944760631888772e-02
8.602011035120649129e-01 6.202102461504590547e-01
-2.152387515362615689e-01 -3.808685076582415951e-01
4.855873093368602844e-01 -4.936198171563962456e-01
-4.865664839878809933e-01 -7.293916164614626663e-01
6.899267731345934962e-01 -1.280058002441080423e-01
1.284527659984354420e-01 4.223660812104177986e-01
5.612764738514545160e-01 -1.224365137509236950e-01
-5.853175806324492081e-01 6.238233169747438023e-01
-8.709883690484689911e-01 8.514259736694611558e-01
