-1.659559905948519987e-01 4.406489868843161961e-01
-9.997712503653102267e-01 -3.953348547363204624e-01
-7.064882183657739123e-01 -8.153228104624044015e-01
-6.274795772446581932e-01 -3.088785459139045120e-01
-2.064650515386601271e-01 7.763346800671389047e-02
-1.616109711934103910e-01 3.704390007935189910e-01
-5.910955005369651349e-01 7.562348727818908323e-01
-9.452248136041476734e-01 3.409350203568044524e-01
-1.653903952657460596e-01 1.173796568915033145e-01
-7.192261228095324643e-01 -6.037970218302424197e-01
6.014891373510733441e-01 9.365231514387950540e-01
-3.731516436815143223e-01 3.846452313386281574e-01
7.527783045920766192e-01 7.892133270076946427e-01
-8.299115772604441776e-01 -9.218904335342352763e-01
-6.603391608708621963e-01 7.562850068588262697e-01
-8.033063323338998085e-01 -1.577847499898956674e-01
9.157790603010038666e-01 6.633056994603414580e-02
3.837542279009467094e-01 -3.689687379878741069e-01
3.730018553631673228e-01 6.692513437947458232e-01
-9.634234453116163888e-01 5.002886298899349438e-01
9.777221778129894236e-01 4.963313087596787909e-01
-4.391120158711896426e-01 5.785586569029770310e-01
-7.935479868447159468e-01 -1.042129476481896688e-01
8.171910061861911156e-01 -4.127717032526410090e-01
-4.244493228273025220e-01 -7.399428557634446513e-01
-9.612660842594058508e-01 3.576710658797819242e-01
-5.767437679998819178e-01 -4.689066812555475749e-01
-1.685368143932342022e-02 -8.932749097658392312e-01
1.482352109840261445e-01 -7.065428501883797008e-01
1.786110738065684878e-01 3.995167200418623388e-01
-7.953311423443483186e-01 -1.718880243608633673e-01
3.888003154554902085e-01 -1.716414609461947016e-01
-9.000930821078256816e-01 7.179281183102315111e-02
3.275892904395776295e-01 2.977822411661712465e-02
8.891895119816266568e-01 1.731100810039858384e-01
8.068038305757669892e-01 -7.250505917075249496e-01
-7.214473054984829048e-01 6.147825774190476267e-01
-2.046463260289328456e-01 -6.692916057661344453e-01
8.550171607920677985e-01 -3.044682805089868882e-01
5.016242062723110795e-01 4.519959707009029160e-01
7.666121824116196581e-01 2.473444141112177697e-01
5.018848680546743601e-01 -3.022033160443149402e-01
-4.601442164699478532e-01 7.917724363921336828e-01
-1.438176202574101836e-01 9.296800942967711201e-01
3.268829956368961565e-01 2.433914404182435653e-01
-7.705080540932496280e-01 8.989785174141424751e-01
-1.001757330401189527e-01 1.567792287742635349e-01
-1.837263944774376601e-01 -5.259460395139445854e-01
8.067590411245075810e-01 1.473589733445717087e-01
-9.942593459376820597e-01 2.342898272414477567e-01
-3.467101964558076954e-01 5.411620451521859110e-02
7.718841986215490003e-01 -2.854604799950004601e-01
8.170703018395983896e-01 2.467202315836054538e-01
-9.683575143068874347e-01 8.588744674875226082e-01
3.817938350338478948e-01 9.946457009029610052e-01
-6.553189833093429062e-01 -7.257285007422444867e-01
8.651909260743271268e-01 3.936363229798003349e-01
-8.679996545558750221e-01 5.109261052049327567e-01
5.077523769224927541e-01 8.460490710929666758e-01
4.230495172569435081e-01 -7.514580760556706096e-01
-9.602397323204088231e-01 -9.475780262445614444e-01
-9.433870239584107864e-01 -5.075778647939082067e-01
7.200558973657760209e-01 7.766212868330568675e-02
1.056439573715317604e-01 6.840617847192114187e-01
-7.516533697601777142e-01 -4.416326419777210077e-01
1.715185429165757558e-01 9.391914966393490882e-01
1.220604385114198998e-01 -9.627054212541139577e-01
6.012653453612326615e-01 -5.340514523179591411e-01
6.142103912375582730e-01 -2.242787118716564887e-01
7.270837091188573353e-01 4.942432854743692427e-01
1.124804679808377728e-01 -7.270895486786299600e-01
-8.801646209755766836e-01 -7.573130885185253014e-01
-9.108962429104765501e-01 -7.850117417878141879e-01
-5.485813227842906148e-01 4.259779607653533251e-01
1.194339641082848846e-01 -9.748880396817682925e-01
-8.560514406210264493e-01 9.345526600005440443e-01
1.362009238398842470e-01 -5.934135306780190522e-01
-4.953485108593531638e-01 4.876517081501858808e-01
-6.091410377813624155e-01 1.627178545465155501e-01
9.400399781766246576e-01 6.936576029800705090e-01
-5.203044817048276816e-01 -1.246057146254009318e-02
2.399114367627595001e-01 6.579617991003574584e-01
-6.864172107078314600e-01 -9.628475956451809648e-01
-8.599557125615553410e-01 -2.730977812593637921e-02
2.126589233066606965e-01 1.377028741729626748e-01
-3.652751813556784910e-01 9.772323088248977552e-01
1.594904384915938333e-01 -2.397176547528991897e-01
1.018964382357936405e-01 4.906688618130041757e-01
3.384657869063691926e-01 -4.701608846743812187e-01
-8.673303311431168616e-01 -2.598316041717874114e-01
2.594350140431289642e-01 -5.796519801703208241e-01
5.055111074776277302e-01 -8.669270372917701195e-01
-4.793698028429180802e-01 6.095091274866908382e-01
-6.131314347533445286e-01 2.789217617598802601e-01
4.934061824746738267e-02 8.496159407987013967e-01
-4.734064590257780480e-01 -8.680778186319524359e-01
4.701319265773389322e-01 5.443560590864935378e-01
8.156317050070480690e-01 8.639441383936745655e-01
-9.720968540488059695e-01 -5.312758277571589804e-01
2.335567140033152356e-01 8.980326413752328651e-01
9.003522384941593515e-01 1.133063763903128240e-01
8.312126995325490597e-01 2.831324178926750701e-01
-2.199845717175075155e-01 -2.801866580618050939e-02
2.086209658399464928e-01 9.909584301712515142e-02
8.523628534129072953e-01 8.374668712672121984e-01
-2.102487741528902276e-01 9.265250568814236143e-01
-6.520886666390712794e-01 -7.473409611207253445e-01
-7.298416839065373640e-01 1.132433135379340428e-02
-9.569503894516040443e-01 8.959404224353619828e-01
6.542309423414649494e-01 -9.699620385157552427e-01
-6.476074888498895010e-01 -3.358728512663260446e-01
-7.380063103781662193e-01 6.189813842531641797e-01
-3.105266946334130918e-01 8.802149646667343230e-01
1.640283598941600918e-01 7.576639688236881387e-01
6.894688907844437331e-01 8.107846374172984483e-01
-8.023946836638606861e-02 9.269363204074654305e-02
5.972071823040787653e-01 -4.285622965317048561e-01
-1.949295476014456518e-02 1.982206152917567188e-01
-9.689334488983285532e-01 1.869628163932743892e-01
-1.326473020210834353e-01 6.147210577696828881e-01
-3.695103938092541007e-01 7.857774170503026845e-01
1.557144305690709718e-01 -6.319795967450698715e-01
5.758584676510085654e-01 2.240623540898678545e-01
-8.921814558524940875e-01 -1.596126399977355614e-01
3.581376731308592021e-01 8.372035559550516925e-01
-9.991959502172851337e-01 9.535182980621192961e-01
-2.468393705084510614e-01 9.475670767166450847e-01
2.094322019481060781e-01 6.576916159613859225e-01
1.494230094162045663e-01 2.561523966147007947e-01
-4.288474366086121314e-01 1.736666813121658937e-01
5.000435274053198764e-01 7.166276728580847077e-01
5.101643769353603197e-01 3.961144968946059830e-01
7.289588601091996356e-01 -3.546380063265071048e-01
3.415775815751744826e-01 -9.825212717330167322e-02
-2.357944959369655535e-01 -1.783773001556288040e-01
-1.970408330609187963e-01 -3.652321080834461942e-01
2.438387358406028937e-01 -1.395054583574713014e-01
9.476041558545045262e-01 3.556017828686222071e-01
-6.028602231457782512e-01 -1.465979813039344215e-01
-3.133075204511539535e-01 5.952776079171331336e-01
7.599965771268635262e-01 8.076839116527438911e-01
3.254396247505244588e-01 -4.595834759404844316e-01
-4.952665969908205401e-01 7.097958853948047597e-01
5.542929261749329761e-02 6.043221680091961368e-01
1.449770343832126329e-01 4.662850505750222307e-01
3.802325492811164942e-02 5.417678210037759623e-01
1.377159814094310875e-01 -6.858024281603825045e-02
-3.146221840934364522e-01 -8.635813031665917627e-01
-2.441516413438002964e-01 -8.407478446034952757e-01
9.656342274608900045e-01 -6.367742973384724614e-01
6.237173954410795140e-01 7.499232899117962425e-01
3.768265047718866168e-01 1.389888254907514220e-01
-6.780571263687824590e-01 -6.623995447338737463e-02
-3.096558976895700255e-01 -5.499200843718308196e-01
1.850237375315935129e-01 -3.754603245961660729e-01
8.326111069367014839e-01 8.192710499031141680e-01
-4.857634124356076111e-01 -7.782173985119416049e-01
-6.140745359617743038e-01 -8.316586422278948731e-04
4.571713359491924589e-01 -5.836111231824170353e-01
-5.039328832455385321e-01 7.033437498727339587e-01
-1.683025634649453206e-01 2.333701343104723769e-01
-5.326677215214998817e-01 -7.960654811484051407e-01
3.171403393705962692e-02 -4.571802590043527736e-02
-6.946567118136734997e-01 2.436124634808309875e-01
8.802023762787625216e-02 3.082746939414886533e-01
-7.109089197506803792e-01 5.030556342704877171e-01
-5.559017204001546197e-01 3.870364873206599832e-02
5.705920564432378495e-01 -9.553391440163876425e-01
-3.512750805476270166e-01 7.458447528002221105e-01
6.894192152041391797e-01 7.688118518908737542e-02
7.332165483330259637e-01 8.996119827072530661e-01
6.528139952586826666e-01 7.082308876730774028e-01
-8.025131963593032935e-01 3.026086646819821091e-01
4.070339763053059112e-01 2.204816252932593201e-01
5.992305234720560758e-01 -9.308575602567314977e-01
5.404774691099598627e-01 4.634572014790538930e-01
-4.806032134032938163e-01 -4.858614023557066286e-01
2.646066348602555962e-01 -3.094050768178369104e-01
5.931773560145749968e-01 -1.077075359930854681e-01
5.654988295683438526e-01 9.809435672476813917e-01
-3.995033209321998680e-01 -7.139883434838012466e-01
8.026168726985476454e-01 8.311875777474653226e-02
9.494807417101644997e-01 2.732088000037944386e-01
9.878260492209578469e-01 9.214160828590323149e-02
5.285186781104256326e-02 -7.291441938556602054e-01
-2.885896580322377947e-01 -9.475628654072534296e-01
-6.792096409607017993e-01 4.912743854149921319e-01
-9.392006201424223377e-01 -2.669138055125113151e-01
7.246925056760882278e-01 3.853554350147085916e-01
3.818842841323371040e-01 -6.227263980893782414e-01
-1.161914385031532770e-01 1.631548146885823947e-01
9.795034153274104760e-01 -5.921875495337562967e-01
-5.045341964752902975e-01 -4.756538324541761398e-01
5.003448265959855590e-01 -8.604934512861439622e-02
-8.861411231778100195e-01 1.703248122047917867e-02
-5.760796707126480953e-01 5.972084895204203825e-01
-4.053372369854555402e-01 -9.447879760909927427e-01
1.868648989292420737e-01 6.876808578623776480e-01
-2.379677518755716203e-01 4.997166214522867911e-01
2.228295659425638675e-02 8.190360992437728527e-02
9.188686421235048307e-01 6.079217829972936027e-01
-9.353538667528520367e-01 4.187745024625901813e-01
-6.999703687298786114e-02 8.950978827901996393e-01
-5.571345313530233767e-01 -4.658559606312684398e-01
-8.370520702454760098e-01 -1.427623426724269340e-01
-7.819624719618634145e-01 2.675735212238357086e-01
6.059264747474757407e-01 3.936009922403569394e-01
5.324227621515409403e-01 -3.150917603129603783e-01
6.917029660553553061e-01 -1.424624500011149042e-01
6.480197408246375357e-01 2.529923172485875060e-01
-7.131539026595101749e-01 -8.432262002901040887e-01
-9.633347141739854180e-01 -8.665500047212870705e-01
-8.283237258313635998e-02 -7.733161544648190500e-01
-9.444333023026600937e-01 5.097229627809347630e-01
-2.102990390787211616e-01 4.938769912150502428e-01
-9.519034650709690126e-02 -9.982650599847775474e-02
-4.385498656433806097e-02 -5.199214687561193315e-02
6.063266842283392410e-01 -1.952149602845283383e-01
8.093723206872460718e-01 -9.258779040919282721e-01
5.477486854408373240e-01 -7.487172377245223664e-01
2.370271338241709547e-01 -9.792714773295361219e-01
7.725456515269391033e-02 -9.939640867608072750e-01
9.023875709804090040e-01 8.108040674055561059e-01
5.919338838845387141e-01 8.305486398295749417e-01
-7.088835376832058888e-01 -6.845398602589334303e-01
-6.247366541951320240e-01 2.449918045998422667e-01
8.116189920166037020e-01 9.799103567181473018e-01
4.222449175316318470e-01 4.636008182845905434e-01
8.185864090885088817e-01 -1.982525352577582112e-01
-5.002986395499264827e-01 -6.531396584257542770e-01
-7.610858993325420041e-01 6.252211760656574135e-01
-7.064152531655136791e-01 -4.714050345461986424e-01
6.381783572670616245e-01 -3.788254964115800316e-01
9.648348985858856697e-01 -4.667225956967295808e-01
6.730668994242283709e-02 -3.710659776283007361e-01
8.215456623476748987e-01 -2.668867122975311368e-01
-1.328153454536709077e-01 2.458538455672276690e-02
8.777729547394266252e-01 -9.381019874576985718e-01
4.337573272633783450e-01 7.820379085846778100e-01
-9.454255529650623657e-01 4.410249450502146118e-02
-3.480203764599494320e-01 7.189786417311716527e-01
1.170331018450356808e-01 3.804557363254956748e-01
-9.429300009692509477e-02 2.566180750427142776e-01
-4.198062966251483452e-01 -9.813028440669684382e-01
1.535118699741815362e-01 -3.771115717350743690e-01
3.453519700225959888e-02 8.328117061077955352e-01
-1.470504229972080523e-01 -5.052079267952291897e-01
-2.574124774418911077e-01 8.637222332730811747e-01
8.737367626181873348e-01 6.886598971314263906e-01
8.404130286113209447e-01 -5.441994200973661044e-01
-8.250355808928182544e-01 -5.453805274306224860e-01
-3.712467677718991332e-01 -6.504682472873768440e-01
2.141883239449209331e-01 -1.728271699976773323e-01
6.327030236544282094e-01 -6.297392034619386791e-01
4.037530595126208599e-01 -5.192887503017222794e-01
1.484381776817194076e-01 -3.020248055584222602e-01
-8.860712010343345657e-01 -5.423726580792482821e-01
3.282051107095869114e-01 -5.499813278937448757e-03
3.803196814735754216e-02 -6.505596997821549987e-01
1.414317030925127394e-01 9.935068504164199510e-01
6.336702175832438222e-01 1.887452476619555508e-01
9.519781366618098595e-01 8.031251693386425305e-01
1.912158672052910457e-01 -9.351473493710857898e-01
-8.128458083650385024e-01 -8.692565699155472281e-01
-9.653370261704941058e-02 -2.491303336642844979e-01
9.507000685405730955e-01 -6.640334136007701726e-01
9.455751838653103647e-01 5.349497377260261644e-01
6.484756792489956290e-01 2.652316335559945504e-01
3.374655404134641046e-01 -4.623533295761328432e-02
-9.737272861538555091e-01 -2.939878289163504466e-01
-1.585639701288310555e-02 4.601824221802086612e-01
-6.274331450778158903e-02 -8.519016782113664199e-02
-7.246745181087936860e-01 -9.782225323930420213e-01
5.165565209539924041e-01 -3.600943238446432382e-01
9.687669003870214013e-01 -5.595315476816880018e-01
-3.225839490366406714e-01 4.779227133226338076e-02
5.097829141210654669e-01 -7.228443219940872133e-02
-7.503549137766474253e-01 -3.749972430159009829e-01
9.038339401989281541e-03 3.476980160337352910e-01
5.402999126241843086e-01 -7.393284380912914511e-01
-9.541697373552364692e-01 3.816464442397893286e-02
6.199774213248325783e-01 -9.747924659402473768e-01
3.449396893074678783e-01 3.736164533139836319e-01
-1.015064928267248590e-01 8.295773734838685076e-01
2.887221695139858824e-01 -9.895203246970682986e-01
-3.114310897124883404e-02 7.186356121952000020e-01
6.607991400746788813e-01 2.983083942249558085e-01
3.473968477972633195e-01 1.569991595784010485e-01
-4.517604496662956937e-01 1.210599810721175729e-01
3.434595696348405891e-01 -2.951407395671823419e-01
7.116567345078554929e-01 -6.099250279825854104e-01
4.946416206638464264e-01 -4.207945076262451511e-01
5.475985744883640205e-01 -1.445253413278475563e-01
6.153968182244189400e-01 -2.929302746640192190e-01
-5.726135247408377094e-01 5.345690168435330847e-01
-3.827161047386977710e-01 4.664901354528550037e-01
4.889463061554641943e-01 -5.572065981835978565e-01
-5.717757263587031069e-01 -6.021041531458666274e-01
-7.149633244683106792e-01 -2.458348015853317747e-01
-9.467442306167570543e-01 -7.781592619315187420e-01
3.491280475268210282e-01 5.995530737947725175e-01
-8.389409457432281947e-01 -5.365953790284159197e-01
-5.847486763923712694e-01 8.346671261632612193e-01
4.226290362729734351e-01 1.077692221028285768e-01
-3.909640241587595266e-01 6.697080952635969808e-01
-1.293880847409600854e-01 8.469124302375503621e-01
4.121036086718663505e-01 -4.393738406943326069e-02
-7.475797925012825917e-01 9.520871009354952008e-01
-6.803326993118132826e-01 -5.947957495606748246e-01
-1.376364896792581227e-01 -1.915961884497054957e-01
-7.064970384714117646e-01 4.586378387222467268e-01
-6.225098662456280962e-01 2.877912886233255918e-01
5.086119011525973566e-01 -5.785352158333585404e-01
2.019084962152799534e-01 4.978567504916728836e-01
2.764374212406668363e-01 1.942546058932981268e-01
-4.090354286890058866e-01 4.632129424830175868e-01
8.906168799998994690e-01 -1.488772194769061308e-01
5.643636336628106154e-01 -8.877179206761693919e-01
6.705432049799318062e-01 -6.154999663557045864e-01
-2.098062622200536076e-01 -3.998379081492871023e-01
-8.397927123879014299e-01 8.092620058724857568e-01
-2.596916448925234988e-01 6.139487695227896502e-02
-1.176746820734986265e-02 -7.356777161141236920e-01
-5.870918822211339538e-01 -8.476223819353576605e-01
1.584339989057492737e-02 -4.769008963340257701e-01
-2.858767822344161491e-01 -7.838693426055263203e-01
5.751036793050143814e-01 -7.868322464223977963e-01
9.714176474263755967e-01 -6.456776711231653199e-01
1.448102248692986205e-01 -9.103093308218237478e-01
5.742325793116682675e-01 -6.207881043634069229e-01
5.580795681625327909e-02 4.801550863181431872e-01
-7.001370301654881168e-01 1.021743483739434577e-01
-5.667655833424412037e-01 5.183920986342893666e-01
4.458303871124273954e-01 -6.469019314458339664e-01
7.239331153341468372e-01 -9.604498009673114733e-01
7.204739948462304255e-01 1.178076223218766927e-01
-1.935590557883015705e-01 5.174938620446731807e-01
4.338580033849397388e-01 9.746523496168530976e-01
-4.438299027740344460e-01 -9.924126551813148289e-01
8.678052166297756109e-01 7.157942090757876130e-01
4.577017550385118483e-01 3.337756584307682850e-02
4.139124904975219899e-01 5.610591137534854944e-01
-2.502481129262812409e-01 5.406450506599151939e-01
5.012486383503507170e-01 2.264224230885194533e-01
-1.962681520643252409e-01 3.946160385286818784e-01
-9.937742843496157885e-01 5.497932934491955859e-01
7.928332049136939119e-01 -5.213685851249907355e-01
-7.584656313815405504e-01 -5.594320244125448038e-01
-3.958065374198034281e-01 7.660570171276683826e-01
8.633286047618904391e-02 -4.265767007871388294e-01
-7.232906204141069662e-01 -4.197110737909166556e-01
2.277421794825051915e-01 -3.517229402051067488e-01
-8.527963661800308515e-02 -1.117657859667711140e-01
6.562707214630241204e-01 -1.473036915275387493e-01
-3.086023576489953513e-01 3.499432096182104601e-01
-5.570358885329425025e-01 -6.550835214689243458e-02
-3.704686253519671180e-01 2.537112043256692928e-01
7.547209493896251953e-01 -1.046219997087429743e-01
5.689148375838462002e-01 -8.606859887689921607e-02
3.124586634342627622e-01 -7.363180499449957228e-01
-1.340369860647037115e-01 8.186239773098733519e-01
2.109580020618693208e-01 5.335491744742042464e-01
9.401216191788686061e-03 -3.888750343985059033e-03
6.857996803856998280e-01 -8.643861313180924988e-01
1.465445430993692622e-01 8.855251508658985582e-01
3.572009634464379246e-02 -6.110683809442309933e-01
6.958787848869523174e-01 -4.967217152882943410e-01
4.014520729650759012e-01 8.052188079379973829e-02
8.976725765604391949e-01 2.486734048053518276e-01
6.759559240954586823e-01 -9.841342476109538051e-01
9.786801123332760088e-01 -8.445708593352270199e-01
-3.557409727704607949e-01 8.923047909135306544e-01
-9.821217952575098664e-01 6.454600108438710571e-01
7.224232767335887484e-01 -1.203383715828549860e-01
-4.885096123881376151e-01 6.053790392665971964e-01
-4.427599113555769073e-02 -7.313227826886077310e-01
8.556979856500215309e-01 7.919399340132968756e-01
-1.690969996612934345e-02 7.134049930355843561e-01
-1.628439484718027241e-01 3.669298003326022517e-01
-2.040187211841550941e-01 1.148403490162075435e-02
-6.208965943321453906e-01 9.299778482218277187e-01
-4.115686235114905944e-01 -7.930808877671973178e-01
-7.113691995419038072e-01 -9.718154116151140887e-01
4.318913989247890051e-01 1.289966404817481926e-01
5.891567023695043481e-01 1.415984656827284915e-02
5.836420790083076682e-01 3.915284285436788636e-01
5.556969537183507057e-01 -1.870342620458274041e-01
2.955412663749623636e-01 -6.404114046140512162e-01
-3.563600732241920532e-01 -6.547907597604150087e-01
-1.827255499734752320e-01 -5.171625040688023756e-01
-1.861560117412841553e-01 9.504446848746241905e-01
-3.593613483559374711e-01 9.649818899497906166e-01
2.726122517119671240e-01 -2.498179632121779736e-01
7.149689981671931704e-01 2.391734787371475601e-01
-4.959338397383212804e-01 5.857113559537752145e-01
-1.341229825316738733e-01 -2.849776653391171699e-01
-3.394461269498381117e-01 3.947377512262788546e-01
-4.626997521875468866e-01 6.165560274107602101e-01
-4.094224112003044258e-01 8.824276717071444232e-02
-2.415701638959522057e-02 7.107128251907395278e-01
7.767728687907717866e-01 -6.312311152644665135e-01
1.706969178765020967e-01 7.964100920342742640e-01
-1.077655619311406188e-01 8.437366109676307513e-01
-4.420182190860582061e-01 2.176623483875914644e-01
3.649074195336308168e-01 -5.435885332990317842e-01
-9.724649748845664021e-01 -1.665520752586078235e-01
8.769637837134680591e-01 -3.139437803391869064e-01
5.594885909651998723e-01 -6.505273743451851498e-01
-3.160943273950951315e-01 -7.108045583238065124e-01
4.335416282927520015e-01 3.986152473936284135e-01
3.769946358978375489e-01 -4.932079310274006811e-01
3.847202432468177502e-01 -5.454049181681008829e-01
-1.507017681373206131e-01 -2.561557566646255335e-01
-2.893841767597555847e-01 -8.846903855174872433e-01
2.632932537318792843e-01 4.146332053633989823e-01
2.271773890056711931e-01 2.966255123262491189e-01
-6.601185715654844799e-01 -7.011064021222750409e-01
2.835008705176567112e-02 7.506654527090781404e-01
-6.320931169055559184e-01 -7.432176258348022202e-02
-1.421353319401941206e-01 -5.421628160967362220e-03
-6.769784590279761538e-01 -3.151187177303789166e-01
-4.762391917929595930e-01 6.890538864589579315e-01
6.006644915528034367e-01 -1.467216834637128375e-01
2.140309215780777929e-01 -7.090687794675600841e-01
1.922658843511726445e-02 -4.061058284261909179e-01
7.193019071384021412e-01 3.431967618127798048e-01
2.669480252448419577e-01 -7.504973998616415454e-01
-5.882424100222860552e-02 9.731455591737629973e-01
8.965983481453301263e-01 2.901712805208871426e-01
-6.965502579360527413e-01 2.782536974398099883e-01
1.313242250878550177e-01 -6.266832467749594571e-02
-1.439250610634597027e-01 1.985395113160601799e-01
6.999397770319308876e-01 5.022420807438747747e-01
1.587210805944661018e-01 8.494083630720561384e-01
-8.705200331169022920e-01 9.826930174636181459e-01
-8.940109146640209392e-01 -6.010089077228772947e-01
-1.544946767108781316e-01 -7.849822476296646201e-01
2.473408219954036369e-01 -9.040148719022653712e-01
-4.307522379861157269e-01 -8.779266377606578242e-01
4.070386622101622720e-01 3.369123351789640175e-01
-2.428388134987955471e-01 -6.236114799403575937e-01
4.940096580598902776e-01 -3.192414184690655077e-01
5.906023348112856564e-01 -2.419812164075940686e-02
5.133888870195879583e-02 -9.430183010168655677e-01
2.884640397580635618e-01 -2.986869951356652120e-01
-5.415899454158685788e-01 -1.322332475765988224e-01
-2.350650854581648463e-01 -6.042191982727951327e-02
9.589667083596127295e-01 -2.712438592635391110e-01
5.488202666720789491e-01 1.055351930997849852e-01
7.782621782149656831e-01 -2.900942977008560408e-01
-5.089626396269850694e-01 8.220384793139365875e-01
-9.129314724844692641e-01 9.015068561220045407e-01
1.128138313418505234e-01 -2.472735666258250031e-01
9.901046446782222343e-01 -8.832747077047367057e-01
3.341271953522428895e-02 -9.378058490889042975e-01
1.423514783724668664e-01 -6.390629820097688540e-01
2.619184006790609143e-01 9.618473515011629615e-01
7.498051024247618379e-01 -9.632750115825872150e-02
4.169217401034344128e-01 5.549375000063785368e-01
-1.031383163487276100e-02 5.706698035513024791e-02
-6.984312032556148075e-01 -2.612001487761874685e-01
-7.155574938544266850e-01 4.537875066891252640e-01
-4.597401119547361859e-02 -1.022423265864689235e-01
7.719959423307025670e-01 5.523754462312280289e-02
-1.818183361662801811e-01 -4.622159555747082926e-01
-8.559759296604600998e-01 -1.637277325493684543e-01
-9.484930351868332554e-01 -4.176921188951439046e-01
7.019019696792971885e-03 9.318661300394446290e-01
-7.812341716128308189e-01 3.460821084332439401e-01
-1.352578016000638428e-04 5.541964585515659625e-01
-7.127860042515814509e-01 -8.335947271282488913e-01
-2.015627892950924149e-01 5.939245039598002318e-01
-6.166485221802198158e-01 5.355543842945480471e-01
-4.194040058762635859e-01 -5.662170247764093389e-01
-9.665688218459871361e-01 -2.026818801552425775e-01
-2.378370174130952641e-01 3.186898723907294340e-01
-8.581631990592255566e-01 -6.947920259154563016e-01
-9.668482341981317063e-01 -7.724072871051863576e-01
3.035785520201808030e-01 -1.946862956501616004e-01
-3.579473716653682747e-01 1.158239884875449377e-01
9.869209261996998439e-01 6.689730280360592918e-01
3.992463647991677522e-01 8.365171782641158682e-01
-9.205425866338303731e-01 -8.593331167689495231e-01
-5.198742002389078465e-02 -3.016651740858453667e-01
8.745041242568978301e-01 -2.087007770966287090e-02
7.929822018670118489e-02 7.905207314624416171e-01
-1.067299083526189740e-01 7.540687785407038657e-01
-4.928365012567432757e-01 -4.523805916837828622e-01
-3.432772198248197348e-01 9.512854096190692665e-02
-5.597426519460375616e-01 3.428583421625466254e-01
-7.144134343939991805e-01 -8.117994510007211506e-01
7.403834924107552951e-01 -5.262625928860029667e-01
-2.279919779548089664e-01 1.430841854506645916e-01
5.160393990293998812e-02 -8.479522411157862649e-01
7.482518711960566282e-01 9.022712368373841940e-01
6.250146083493435256e-01 -4.323963301062514475e-01
5.569359223591896502e-02 -3.211665519647810552e-01
1.093346215753334683e-01 9.488069378260051145e-01
-3.765941645620372036e-01 3.375932118457394271e-01
-3.480655853820282530e-01 5.489545320301592035e-01
-3.483800667735903467e-01 7.796546828947499286e-01
5.034154418385337060e-01 5.252641908902213608e-01
-6.104194288014852532e-02 -5.784709950625892549e-01
-9.170498408470022511e-01 -3.563424000595110108e-01
-9.257746710120111633e-01 3.877108227477994440e-01
3.407000638723367558e-01 -1.390564345100500088e-01
5.355779553163459994e-01 7.201698947912738014e-02
-9.202801467290948612e-01 -7.304137640786418917e-01
-6.131672019701632781e-01 -3.286723976707004446e-01
-8.953741071250465033e-01 2.102335610007324274e-01
2.412205504783759835e-02 2.349220240343121713e-01
-1.352888104713119155e-01 6.954009364748754418e-01
-9.188188788169737720e-02 -9.691929604161582112e-01
7.461362968941989138e-01 3.124030954881977795e-01
6.460060812969419253e-01 9.035513860677033549e-01
-8.981752329662255896e-01 -5.298562718179709030e-01
-8.733131130873204029e-01 -1.566842279350981748e-01
7.276582910029039120e-01 -8.367520345698638007e-01
-5.377609422824303209e-02 -7.489137803825527406e-01
5.457712043342355379e-01 6.828443135916868467e-01
-9.134181236276828209e-01 -2.711851365921047474e-02
-5.211779117244881299e-01 9.049475633865184943e-01
8.877852555675922464e-01 2.278680047694017219e-01
9.469747946503925817e-01 -3.102773125674980204e-01
7.957014353353635272e-01 -1.308100531829810009e-01
-5.283707257049725659e-01 8.816559264027987730e-01
3.684361019664550430e-01 -8.701768293217413408e-01
7.408497136461322796e-01 4.027605892666925591e-01
2.098537459485634304e-01 4.647497983586610371e-01
-4.931219150004384488e-01 2.009779105490887563e-01
6.292383625233106681e-01 -8.917726793520002193e-01
-7.389786573214680576e-01 6.848916199128272098e-01
2.366917386557709779e-01 6.257562096211599645e-02
-5.034185420058028271e-01 -4.098428495010082440e-01
7.453723298389238749e-01 -1.566681303005814652e-01
-8.711394888407864023e-01 7.939701390151649996e-01
-5.932383343518978780e-01 6.524550709847827257e-01
7.635412461656145844e-01 -2.649851036332373511e-02
1.969293862092726943e-01 5.453491297083390421e-02
2.496425883709980642e-01 7.100834426947029154e-01
-4.357211031902787912e-01 7.675110163612017811e-01
1.353806602382985336e-01 -7.697939180661932390e-01
-5.459976695706840744e-01 1.919647712260275085e-01
-5.211075261906392697e-01 -7.371686789250788685e-01
-6.763045717523297196e-01 6.897450364714781124e-01
2.043673077854215592e-01 9.271341743766838839e-01
-3.086415734079490658e-01 1.912501962698993641e-01
1.979705779468394766e-01 2.314085744078975271e-01
-8.816455856285552173e-01 5.006343691493717607e-01
8.964189963752504653e-01 6.935811435917749179e-02
-6.148879580898631847e-01 5.058518299598844248e-01
-9.853620613442723997e-01 -3.434877926984383212e-01
8.352126952887863887e-01 1.767346657877535421e-01
7.103805678082706354e-01 2.093441046983754994e-01
6.451563050477420180e-01 7.589670468586338092e-01
-3.580272509510935564e-01 -7.540904568956430243e-01
4.426066883731416546e-01 -1.193058263375235128e-01
-7.465285817159827975e-01 1.796472962197783740e-01
-9.278633708602801455e-01 -5.996357671780261356e-01
5.766023793359378313e-01 -9.758064799692842683e-01
-3.933086565828618486e-01 -9.572480778238585675e-01
9.949699854566589341e-01 1.640599526869235270e-01
-4.132474430278867406e-01 8.578989237862313377e-01
1.423884709640899082e-02 -9.061554489518619526e-02
1.757430125923729047e-01 -4.717247115788607559e-01
-3.894234013051334209e-01 -2.566908465516350990e-01
-5.111040012567782398e-01 1.690945322332595424e-01
3.916922678646528322e-01 -8.561055596719977512e-01
9.421666392509275845e-01 5.061413117389097494e-01
6.123263259068165709e-01 5.032808081625810281e-01
-8.398780454575653920e-01 -3.660743395764587405e-02
-1.086540871966878985e-01 3.449453010498597649e-01
-1.025254823513561675e-01 4.086267967678192115e-01
3.632906752052458277e-01 3.942970575055124716e-01
2.372014851230728194e-01 -6.980385334407084308e-01
5.216049126115120949e-01 5.620916443879140356e-01
8.082059718276097815e-01 -5.324626147917881358e-01
-6.466422138553171717e-01 -2.178017537864751496e-01
-3.588706920096795816e-01 6.309538580112523665e-01
2.270517993368632581e-01 5.200035046994977428e-01
-1.446698006060715969e-01 -8.011188741688215487e-01
-7.699299758995075127e-01 -2.531857365256093839e-01
-6.123044649809856743e-01 6.414929972458764951e-01
1.992720168474335640e-01 3.776905180373300031e-01
-1.778007739140763377e-02 -8.236526375156378865e-01
-5.298447266276593570e-01 -7.679583821675595168e-02
-6.028169938921474902e-01 -9.490475284423594005e-01
4.587953965123052757e-01 4.498334944382382794e-01
-3.392165072765944700e-01 6.869882521273109610e-01
-1.431150480978531370e-01 7.293722895270686735e-01
3.141308492457790535e-01 1.620713148361803135e-01
-5.985450239298180097e-01 5.909322095678981590e-02
7.888648368551447465e-01 -3.900120483295679286e-01
7.418912183221066936e-01 8.174905457167762624e-01
-3.403108746362353276e-01 3.661487326731283076e-01
7.984418991319375269e-01 -8.486062364833932836e-01
7.571757264095408946e-01 -6.183212734630387786e-01
6.995378200358612908e-01 3.342375773984078702e-01
-3.113216090998922603e-01 -6.972488600144020054e-01
2.707419229769068014e-01 6.955760874294831808e-01
6.436987495280210858e-01 2.564791942613156017e-01
9.126030195104641862e-01 1.798462541515395419e-01
-6.043344307041613739e-01 -1.413385547670154008e-01
-3.265080025976654365e-01 9.838900238145620314e-01
-2.395270077654705343e-01 9.854017473296359242e-01
3.760850146682837014e-02 -6.554405970457490849e-01
-8.508518574970402870e-01 -2.593886124522246650e-01
-7.531622803705402269e-01 2.690374325836832892e-01
-1.721603085411822498e-01 9.818312650509002371e-01
8.599112473066357065e-01 -7.015279353804999563e-01
-2.102354749263990463e-01 -7.684057807522770567e-02
1.218975102438903946e-01 5.607270465785370028e-01
-2.561218185315250473e-02 -1.600128959795183992e-01
-4.760005905613287069e-01 8.216122781735168967e-01
-9.554569769343916885e-01 6.422437964379292819e-01
-6.230632006671630307e-01 3.715137983450944592e-01
-2.895812213207125119e-01 9.484252557901826641e-01
-7.544557411011600934e-01 -6.248602147655208938e-01
7.788849509289577089e-01 1.668126292164557878e-01
-3.815072306824407455e-01 -9.984712290436239535e-01
-5.448045233554938971e-01 -7.091927316575286078e-01
-5.931323512598187797e-01 7.926451136080092663e-01
7.461887565392810728e-01 4.005788752668995034e-01
-5.900464769558189104e-02 6.542720046645766896e-01
-8.347205829575266023e-03 -2.730226334301895097e-01
-4.487937944782824928e-01 8.494816270767433508e-01
-2.260215314874156611e-01 -1.423825313735949116e-02
-4.911237953711558024e-01 7.699330376761266415e-01
-2.334730863894265429e-01 -4.048505693722495025e-01
4.351899243895087643e-01 -6.182601136553851351e-01
-7.636147413059231059e-01 6.739955644270243518e-01
4.882718427390704274e-01 1.810410952942342888e-01
-5.142168500702586353e-01 2.464942903751681236e-01
2.767106414823459204e-01 -3.448611117753497268e-01
-8.650213138649154310e-01 7.610771951286534609e-01
-8.008653785148323045e-02 5.277454361328597354e-01
-4.922227581145206532e-01 1.827743645350337065e-01
-1.424096793024045571e-01 -2.357987149017208850e-01
-7.465732323061544662e-01 -5.114666735820483368e-01
-8.413168340833621084e-01 -3.942833905648428505e-01
4.834096004631107668e-01 2.300314499420976766e-01
3.448221978678516209e-01 -9.832338409499368215e-01
3.567539445026397527e-01 6.361381085774109323e-03
-5.381830990316416319e-01 -6.502069820361555674e-01
-6.300340688983403492e-01 6.885200101501969261e-01
9.651795786101706742e-01 8.274792496832632516e-01
-3.052611592543743591e-01 5.604491593827274354e-01
9.290918140286130722e-02 6.328847951118754533e-01
-3.254609762218829694e-02 1.799025965988074738e-01
5.745268950485229453e-01 -7.995307137937353037e-01
7.401423368108139833e-02 -2.680333066606914727e-01
2.086136873377444356e-01 9.176050312740009485e-01
-2.143541100060750715e-01 -2.140540041167671159e-01
5.812739871791976487e-01 2.901567981708528254e-01
-2.122319842892470554e-01 3.779100964605028867e-01
-1.919967818912420299e-01 -7.277736915037558152e-01
-9.871346265573111012e-02 -3.311612146054547789e-01
-5.640621398776641815e-01 8.515496032728797626e-01
3.792787981591154711e-01 1.976417812468438395e-01
4.933149442460100786e-01 8.394212354288299593e-02
4.010661452390051895e-01 8.611196384996901987e-01
7.252333890104438741e-01 -6.651162849869574067e-01
-4.737219521522515464e-01 -8.567794411163909274e-01
9.573456103166939624e-01 -5.272318026792488510e-01
3.211967118571974478e-01 -8.207386021450759905e-01
-5.784581158259625155e-01 5.648767036809054787e-03
-7.900926633401439414e-01 -2.222531946105512635e-01
7.597544027936176114e-02 -3.215916302298000851e-01
1.118004222531510106e-01 7.353664388492808790e-02
-2.187790025261884264e-01 3.925401662022058868e-01
3.569649079958481241e-01 3.746062987487797091e-01
1.229825175987484531e-01 -2.838401719741283635e-01
2.262246707340245244e-01 8.714725332163995031e-01
1.937770498919462181e-01 9.591803487188503841e-01
-1.179867591822576500e-01 4.792239250150933660e-01
-9.247922427007997381e-01 5.294532780009721940e-01
3.656316065362474887e-02 -9.893669340777935250e-01
-4.455997904348030225e-01 6.966446503962298031e-02
5.359257565626232012e-01 -8.938148090949498137e-01
9.810688770103936918e-02 6.019891115967119788e-01
2.991661097569577876e-01 8.628940299858214313e-01
-8.505371099704777116e-01 -4.463870747988267773e-01
8.384750085123449104e-01 5.300102965962858459e-01
1.994806889441973485e-01 6.659362876741408144e-01
7.920869831500039204e-01 9.454407057056497532e-01
9.970410141796117731e-01 -7.207013326317930346e-01
-8.589159105126016325e-01 -8.530666912797533197e-01
-9.705124182001061417e-01 9.436401459558521054e-01
-8.104661670855417555e-01 6.834736523716993251e-01
3.703459938153992326e-01 -2.488566503416378417e-02
-3.066102372828436451e-01 -2.927044258659898812e-01
-4.923222353056255773e-01 8.220359473972529418e-01
4.512850909897379026e-01 -9.481484144314602514e-01
-7.695749350577085757e-02 -4.373974549263772715e-01
-9.420676276442030428e-01 7.693637886185888952e-01
5.420107159093645599e-01 -3.405298415114781374e-01
5.931171750734220982e-01 -3.507233555940068026e-01
-3.842351123647065325e-01 8.562181570014524290e-01
9.538323238917003621e-01 4.711060943378564403e-02
9.038703351358499116e-01 7.759929878529292502e-01
3.606512318881738288e-02 -2.545023958050287582e-01
4.207091566392187065e-01 -8.871315071589203072e-02
2.104257902464257146e-01 9.808123937798933767e-01
5.478324999129369210e-01 -3.314471900123474590e-01
-8.220035583552440794e-01 -6.301888194431832790e-01
5.370375178366870728e-02 -1.657951637862840055e-01
6.013193162584793416e-01 8.664046763733634915e-01
-6.442705040973029096e-01 7.201335417524323823e-01
9.147898526533375652e-01 9.189412136995642744e-01
-9.242748245591390077e-01 -8.848329887836525742e-01
-9.884052141646220146e-01 -3.746376876890471497e-01
-8.886031745757907441e-01 -4.122750290589116684e-01
-2.879670279376269626e-01 9.073540369478436673e-01
-4.609815502644409868e-02 -4.435231151573393316e-01
6.010390101909512950e-03 2.867158492982710971e-01
-7.775086548651299889e-01 5.161233162662171026e-01
7.038915425745910781e-01 6.884997191388566584e-01
7.810136648241789992e-01 -2.363152064884777026e-01
-1.123896032669629008e-01 -7.968370481076676448e-01
-5.483861551375297516e-01 9.426409385464220581e-01
-4.307520620625291397e-01 8.147922844819945887e-01
7.811045727566221508e-01 8.450089945207868158e-01
-6.877008711184104950e-01 7.594442870027617865e-01
2.639899009262742791e-01 -5.787436431623951272e-01
-3.097681704398376201e-01 -6.801624228214335766e-01
-1.113036851077455758e-01 -8.324500923090789595e-01
-6.693630190395203350e-01 -6.056073070666614377e-01
3.820546831134083998e-01 1.476057383307058934e-01
7.466462680734642365e-01 -5.107318685615838127e-01
2.592159134378262397e-01 -9.311374693858087692e-01
3.239692215413803034e-02 7.264529634276990500e-01
9.682530877698336536e-01 -9.802540492821629758e-01
-4.943170358463697678e-01 -5.523006593449493185e-01
-9.049248115444790130e-01 -9.796550874764486938e-01
-1.960937551153651981e-02 -9.090357086594118563e-01
-4.433437383061960002e-01 2.799491382178245225e-01
-4.106159168781915447e-01 -4.606905976818971293e-01
1.810930444871341471e-01 -2.389318455807198927e-01
4.050460679228018446e-01 -7.752097500277832509e-03
2.664185316129550340e-01 -2.932113059967411672e-01
-4.259121076889826885e-01 -7.335857724977961070e-01
8.741607695979285442e-01 6.096716920315892185e-01
8.760570863127048469e-01 -6.292389507043953945e-01
8.663115256464510860e-01 8.715064153842662087e-01
-4.329109727926909734e-01 -4.507315031522740600e-01
1.028631473467449542e-01 -6.294215212628953005e-01
-1.157977787464683495e-01 -6.293647081246311892e-01
8.947518359079185135e-01 -1.235068501782876638e-02
9.278355348479956355e-01 2.898833450244235888e-01
-3.136845393522880165e-02 9.353904919223949843e-01
-7.136204365824743157e-01 2.646597493329931883e-01
3.237767356735952173e-01 -1.323203456945480916e-01
-8.812855493220850267e-01 -1.455479766793343899e-02
-6.973211296384507207e-02 6.134936215497270862e-01
-4.866780200940474810e-01 -2.171392740314628256e-01
-5.196555855572455584e-01 3.728868303447281374e-01
9.797669066742309418e-01 -6.451409262634761888e-01
6.428934804525945346e-01 -5.380228814367333801e-01
-8.840483732544659468e-01 -7.223669639086527372e-01
8.703062310847773375e-01 7.770842067124561492e-01
-4.214790090341800077e-01 8.955281322032138114e-01
6.998610704628378532e-01 -1.306904118566529771e-01
-6.390089026705436659e-02 2.597060431668454239e-01
-6.839363300723746431e-01 -9.704358265158141705e-01
-4.689759650552283166e-01 -9.691127361144782348e-01
3.489976883245149430e-01 1.029376716255530066e-01
-3.567037087944446849e-01 5.604046742395172309e-01
-7.084291375704458993e-01 -5.102387224762328088e-01
-4.153724759214325601e-01 -6.081361070020157022e-01
-8.241226324587933583e-01 7.399523605432150042e-01
-8.236227088569798571e-01 3.674206716432757425e-01
-7.591982462845532353e-01 -9.786019937116516854e-01
1.145364601498275459e-01 8.142181104407413272e-01
7.209133346737703896e-01 -3.230972317634999147e-01
-9.456823413482755569e-01 6.017187102600662918e-01
6.119698645793318903e-01 7.369762326055442347e-01
3.392931997510661990e-01 6.155577246301529026e-01
7.949965646056404989e-01 -9.234009901997541903e-02
1.156506074298209175e-01 1.226225765646948851e-02
3.839678090484375250e-01 3.658137352597496950e-01
4.062727172663294084e-02 6.569362961709426241e-01
1.155877357973289499e-02 6.497171247704638386e-01
-4.363098237135141222e-01 -6.430103340450235017e-01
9.397411406894280450e-01 4.838790509121535521e-01
-4.804166133911709213e-01 1.624706845823433721e-01
9.105245070763736681e-01 -8.384921843758423865e-01
-8.329315858765178326e-01 2.382696628398144334e-01
-5.510130423280845680e-01 5.303679134670162831e-01
1.363050858982102209e-01 3.323761804469904657e-01
-7.843721984108151801e-01 -8.314338971268864231e-01
2.502421366109792711e-01 -1.805374777319590507e-01
-8.254949522560364183e-01 -2.578721099676217765e-01
3.442888193136972586e-01 -6.208251996168285824e-01
7.914582170574082642e-01 8.996927777601746445e-01
9.231450848690676558e-01 4.601651154805204147e-01
-1.874231446233698417e-01 4.874983927024392205e-01
-4.240262414504969435e-01 -3.711655552185075813e-01
2.117927224357158966e-01 1.896942668158352330e-01
7.573219526316221639e-01 -4.907984886788461232e-01
5.323767304056434835e-01 8.820265336378025900e-01
-9.979341346845307381e-01 -4.782176399579030068e-02
3.140806580494586164e-01 6.866464278390449483e-01
-6.325211762479965305e-01 7.123184759747436257e-01
-2.712690402859441186e-01 7.845478585523448789e-01
-9.445765197552700165e-01 -8.292197217536587672e-01
9.628209315082250086e-01 2.190038515469932001e-01
-1.647353063716334720e-01 -6.615716306126189217e-01
2.998023061793799737e-01 -9.260498632812843578e-01
-3.767721730785906775e-01 -3.530416060218493080e-01
2.148837870291071539e-01 3.016625133513941570e-01
6.921091984729386137e-01 8.551618851950868461e-01
3.209154552221993306e-01 1.563478368170763133e-01
-2.025689127419831870e-01 9.332249852842839921e-01
-6.918416563352851600e-01 7.901736172972968486e-01
-3.779738642303169804e-01 9.697817933220798103e-02
3.641325168656297517e-01 -5.270606973476892332e-01
-6.645266298994567666e-01 1.696402685923192877e-02
5.837277511693432785e-01 3.848289243341511678e-01
-7.620533256539703260e-01 8.014844301434660423e-01
-4.052486590168991043e-02 8.933533584792952009e-01
1.068674124965314221e-01 -8.303963566792942341e-01
-5.950739286509287851e-01 7.084759458327654080e-01
4.118547335294382439e-01 7.898790403058484344e-01
-3.417079964114004831e-01 5.600279327525226059e-02
3.007962649682396350e-01 1.885817071733288941e-01
-5.370741289315044131e-01 -1.463573011035288474e-01
-5.037770718796503733e-01 6.912299244622908123e-01
9.733548899361652573e-01 -8.668583937352414281e-01
4.278560645339226642e-01 -3.397688956018514173e-01
2.508707566228658425e-01 -4.837407014362580249e-01
3.020152186169902109e-01 -2.577056310745409196e-01
-4.103582409260726482e-01 8.235263473955976021e-01
8.849977484524149673e-01 2.271000531202709283e-01
-5.710644383386147549e-01 8.788377418123187734e-01
5.009070934466481884e-01 5.021796146456121157e-01
-5.765573303030275820e-01 6.603130523245985817e-01
-5.198096916775798437e-01 2.632414905003204186e-01
4.214791397991726196e-01 4.847668594142033882e-01
-2.194705908008380835e-01 5.196507934321947797e-01
8.058718042434198647e-01 1.748400384751538361e-01
-8.191805686104027817e-01 -7.420480317154478644e-01
-7.894749466744261923e-01 -6.545450733542399480e-01
-7.471382194206299676e-01 5.566017801352551864e-01
-9.211769756311114499e-01 -5.168831653182719421e-01
7.581328027169309536e-01 9.470377216725871516e-01
2.108440154540962563e-01 9.524765291207768492e-01
-9.130969165700464352e-01 8.971455367520151380e-01
-3.774078350876657328e-01 5.979456807231859905e-01
6.212582068938030666e-01 7.199971831606897243e-01
-8.289837819499790150e-02 8.612887843308967284e-01
-4.842140311459202096e-01 8.688909850591692852e-01
2.382392665033210566e-01 9.708898298896611045e-01
-9.347122680748152224e-01 4.503333176654167325e-01
1.311084707607621525e-01 -1.515190520336084923e-02
-4.815637486985260285e-01 -3.463386302672497585e-01
-5.010755865972245093e-01 -5.614641793498784672e-01
5.993216750496777045e-01 4.790011796516724374e-03
-8.336202226060045462e-01 5.539683840547606763e-01
6.729815216746182216e-02 4.787755746927639944e-01
3.078738628624266838e-02 -2.001081520297365302e-01
9.724935648725900883e-01 -9.435147596741746412e-01
8.655278159297166152e-01 8.617099355199360211e-01
-2.181625769970838569e-01 -5.710702577333603980e-01
2.384265958664779639e-01 -6.440553290596611191e-01
6.064163886560167693e-01 -4.921322882445295921e-01
-4.183876899346441469e-01 8.318315800199140853e-01
8.058336669488179727e-01 7.076178346104344818e-02
7.256779611572312660e-01 -2.949348623898764288e-01
9.957685564498046649e-01 -1.326205211900459702e-01
-4.103759764030092683e-01 -9.168515321016654784e-01
9.794139075734835664e-01 -7.022473817635521698e-02
4.691700281007413764e-01 2.816152480917493151e-01
4.461867993320194348e-01 -8.977781923477674564e-01
8.400908108194273805e-01 8.536824358044829975e-01
1.039900543083942530e-01 9.278317773691020509e-01
-4.380889260192650791e-01 2.042932542730904188e-01
-2.070746198947521766e-01 2.560464635104564568e-01
-3.987354229525037486e-01 6.387167693120403555e-01
-8.604280429915829309e-01 -9.162448594000074387e-01
-9.012072307333713894e-01 -6.990899432646731082e-01
-2.092990524106193018e-01 9.107799785143493310e-01
-7.784091206080876457e-01 2.951059716328543470e-01
5.524301691269850600e-02 -2.935151880338819907e-01
-6.036015413596163004e-01 -5.588118363053284909e-01
-9.123569805457061310e-01 4.263279463196290031e-01
3.076803983925098240e-01 -1.124604145505552211e-01
4.378789761796872959e-01 -7.800480551093591508e-01
8.774383467378621404e-01 6.952534184787750871e-01
3.180713193317665777e-01 -2.423376626765363362e-01
-1.668665419705051001e-01 -3.569215568506511893e-02
8.705675400136012598e-01 7.271859098362052354e-01
-4.415230156688121355e-02 1.090369965563340315e-01
7.508077245586435300e-01 8.985288675445801676e-01
2.783695117364919369e-01 4.970406401795073315e-01
-2.967501872791147299e-01 8.360566381723599783e-01
6.735040997076624514e-01 1.041117624495255800e-01
7.352544192303474002e-01 6.997437628806646437e-01
6.168227132122836576e-01 -7.386143512052238957e-01
7.200514964362425552e-02 8.015662294138319321e-01
5.416636611076606211e-01 -1.585736019496164495e-01
9.557607867199315876e-01 -4.984536866539954758e-01
-3.327795423042045897e-01 9.084010148591779021e-01
6.174306963705793461e-01 8.006800090213237464e-01
-9.768208211802096308e-01 -2.404711339320104724e-01
-5.289560867802614030e-01 -4.081298962251773688e-01
4.759909928076817565e-01 4.481696897281481906e-01
-7.640117960187708945e-02 -2.694510775858125484e-01
1.693832260090515351e-01 6.741550926855266468e-02
1.011591180157240810e-01 2.309541422293155399e-01
-2.087034554649023210e-01 5.434369648309167466e-01
-4.975936333012267454e-01 3.115215358067320306e-01
9.207942964400361863e-01 -9.928904790711479134e-01
4.467220887886123037e-01 -7.820099321407125714e-01
8.757498332765045745e-02 2.538320333606691737e-01
-5.141057484583977377e-01 8.276877504932163010e-01
2.446250573832355890e-01 -5.366106172102802496e-01
5.402643751996150101e-01 -7.889858400053304521e-01
1.104506370626889833e-01 -8.100878603950170120e-01
1.619681453500390056e-01 -4.940397745596232237e-01
2.989336159094926337e-01 4.316539057163599757e-01
4.837122913732239127e-02 3.150428154062201447e-01
6.265876906501113286e-01 6.150245432860641515e-01
2.393639841077255248e-01 -9.779507575845025613e-02
-1.841000219052650877e-01 7.494952398087268985e-01
4.058634642287426431e-01 -6.301299552531967052e-01
1.314642932585265989e-01 8.176160646001138232e-01
-6.986200155034576476e-01 6.910353510614128947e-01
6.404049326306997525e-01 -1.317797404331022548e-03
-9.248322970285935973e-01 -7.049949892061291301e-01
8.452773893773424252e-01 -9.116904079362750934e-01
-2.550024671892809902e-01 2.380792694509417107e-01
-6.061039221719666248e-01 9.621595144805945576e-01
-6.880495339131551535e-01 7.935839032254876635e-02
2.360226486932892609e-01 -5.380201026605921921e-01
-6.738202158131723074e-02 -1.798294173414149988e-02
5.337247526530839448e-01 2.685615055477468260e-01
-6.489989386932082382e-02 3.338850863879503361e-01
-9.324514695560326416e-02 5.142318268281931282e-02
3.171360831167238103e-01 -6.376092360922767099e-01
5.760991023446142556e-01 2.057306750767946557e-01
9.606657702746554950e-01 -5.552336129376485019e-01
-6.746705166685296184e-02 7.912836051988931807e-01
2.028668193975762257e-01 4.519176916976299641e-01
-1.726596715972794627e-01 3.686192436626396507e-01
8.921100596951263562e-01 -5.996278685213558557e-01
6.147305277546408764e-01 9.390760241997928581e-01
-9.708625364733365348e-01 -5.695808268111448580e-01
-7.652461593737405199e-01 5.348470354829064632e-01
-8.375668281145334237e-01 9.968271171818150478e-01
-2.207759682413896751e-01 8.104055318660807750e-01
-6.228447930010643230e-01 -1.182556003554182666e-01
6.896236380124070031e-01 1.905395613465123983e-01
-7.568380661728579817e-02 2.529949351423521620e-02
1.477710537846947947e-01 -1.193615848288136494e-01
-6.128820845523790251e-01 -7.720684770816272913e-01
-6.975441452597039849e-01 -8.950180722937322031e-01
1.173528221272630567e-01 6.954420280720212677e-01
-2.817613221517785149e-01 -8.493782547283643680e-01
-1.485511760297675288e-01 2.040156769440026885e-01
-1.491930688487248524e-01 6.214424672147400575e-01
8.837724923734104898e-01 7.398215465367088406e-01
4.079989965597770052e-01 -5.940215043564944786e-02
3.653960858065026240e-01 -9.731633788869409329e-01
9.649562370040878356e-01 -6.558453363422080962e-01
8.125207919233636833e-01 6.142198033322121553e-01
6.002793687739753636e-01 -4.621278844298701838e-01
-5.616923884854838622e-01 -1.423986141718225351e-01
6.987422014613098309e-01 -9.924071505655951420e-02
8.708402280141236407e-01 -2.946413454965239875e-01
2.387843313935194001e-01 9.613980727115603031e-01
2.869250444816098256e-01 -9.090035679187924433e-01
-7.288581809657634913e-02 -3.304973125726724525e-01
6.436309704334930437e-02 -4.305075827737372407e-01
-7.554775395399944138e-01 3.365779775016035646e-01
3.627195097826125814e-01 7.342785999981769063e-01
-7.352370128745251421e-01 5.972406165560619762e-01
6.535374768102579779e-01 2.930998715023038770e-01
-5.901557084387323293e-01 -4.771585711883241654e-01
-1.630063649216486610e-01 8.359814556546263375e-02
-4.512408881556595475e-02 -6.508021590926116318e-02
6.796814203953347455e-01 7.402047306151353645e-01
6.335079287535334558e-01 7.556028372693992523e-01
1.420175238741461232e-01 9.280722666781635599e-01
2.130886965009353151e-01 2.078954821593628211e-01
-3.614045258507623259e-01 3.624083682340379919e-01
-8.960686229892780297e-01 -7.309071579761154958e-01
-7.395156648544698452e-01 3.104025744494713912e-01
-6.493348164573233827e-01 -3.177063534969055691e-01
-9.113766883337908187e-01 -5.325312797669787823e-01
9.284486496985882020e-01 1.827880503273537904e-02
-6.978509630571361200e-01 4.601706346892853183e-02
8.870187678221614913e-01 7.313720280126680962e-01
-2.158682621392262746e-01 -4.322649680531946981e-01
5.234597253854835763e-01 -5.190313503938244200e-01
-4.915352906852952231e-01 -8.318272916401410200e-01
7.282881895280537421e-01 -1.042021687594403279e-01
1.235725212199472178e-01 4.734219153870398156e-01
5.929777342623911984e-01 -1.049837220193723386e-01
-6.317448876484033082e-01 6.574657030566035676e-01
-9.380040803434883667e-01 8.934565392159048436e-01
