1.624345363663241670e+00 -1.732828373222018437e+00
-6.117564136500753813e-01 -7.099961863472508128e-01
-5.281717522634556961e-01 -6.308568892160257846e-01
-1.072968622156170504e+00 -3.307318071983967878e-01
8.654076293246785179e-01 3.992164684879787040e-01
-2.301538696880282675e+00 -6.640282801197376905e-01
1.744811764216479988e+00 -1.571843814759245950e+00
-7.612069008951027893e-01 -7.202390043300216371e-01
3.190390960570985701e-01 1.419971968532903084e+00
-2.493703754774100889e-01 -2.160114302150682730e-02
1.462107937044974104e+00 -1.679653508272554330e+00
-2.060140709497654044e+00 -3.160143935266211401e-01
-3.224172040135074857e-01 -2.239435473042270808e-01
-3.840543546684156428e-01 -3.742145972623345807e-01
1.133769442335437416e+00 -7.380822377418153613e-01
-1.099891267314030863e+00 -2.838227682352459369e-01
-1.724282075504357525e-01 2.113267377801419655e-01
-8.778584179213717587e-01 -6.243623328829894792e-01
4.221374671559283143e-02 8.736121469332326361e-01
5.828152137158222335e-01 1.279878501277625036e+00
-1.100619177212921240e+00 -2.825502791611527731e-01
1.144723709839614134e+00 -7.822047615336044091e-01
9.015907205927955470e-01 2.503339665269909697e-01
5.024943389018682316e-01 1.400064801009434534e+00
9.008559492644118150e-01 2.534120801397886091e-01
-6.837278591743330969e-01 -7.353450803443941641e-01
-1.228902255186481718e-01 3.670854083976718973e-01
-9.357694342590687775e-01 -5.502450460424985756e-01
-2.678880796260159070e-01 -7.500602394299818454e-02
5.303554667381860099e-01 1.365978146801356985e+00
-6.916607517253090531e-01 -7.357802399645990699e-01
-3.967535268559773676e-01 -4.024570221300741157e-01
-6.871727001195994111e-01 -7.355888539974471119e-01
-8.452056414987195732e-01 -6.590681984044354236e-01
-6.712461308368190549e-01 -7.337369392862425066e-01
-1.266459891890136039e-02 7.117767099529174191e-01
-1.117310348635277784e+00 -2.532836873577624104e-01
2.344156978170921501e-01 1.315765852732817098e+00
1.659802177109870547e+00 -1.702712432835958190e+00
7.420441605773355764e-01 8.577941159219980571e-01
-1.918355523616149250e-01 1.511908058386386700e-01
-8.876289640848362694e-01 -6.129047873372071020e-01
-7.471582937508376432e-01 -7.260914010597148138e-01
1.692454601027746586e+00 -1.662039866136119981e+00
5.080775477602896689e-02 8.979494899071928105e-01
-6.369956465693533687e-01 -7.233567203523392219e-01
1.909154846674660233e-01 1.237936070567261293e+00
2.100255136478842211e+00 -3.497710634828039011e-01
1.201589524816291527e-01 1.081183196414017944e+00
6.172031097074192063e-01 1.208382751170964831e+00
3.001703199558274915e-01 1.402491537575168090e+00
-3.522498464935186480e-01 -2.993127824761900313e-01
-1.142518198022140163e+00 -2.092218554958080179e-01
-3.493427224128775044e-01 -2.921800129065680873e-01
-2.088942333747781099e-01 9.903882805899202890e-02
5.866231911821976341e-01 1.272565578869313319e+00
8.389834138745049241e-01 5.045859359009540190e-01
9.311020813035573163e-01 1.258282668564066620e-01
2.855873252542587837e-01 1.386679980634355269e+00
8.851411642707280869e-01 3.186201174166866656e-01
-7.543979409966528049e-01 -7.232488711577063079e-01
1.252868155233287872e+00 -1.182021257327023456e+00
5.129298204180088305e-01 1.388258236402096113e+00
-2.980928351027156697e-01 -1.591464749751717866e-01
4.885181465374970333e-01 1.414071648965623318e+00
-7.557171302105572530e-02 5.166743198239712731e-01
1.131629387451426938e+00 -7.294213277128230866e-01
1.519816816422198791e+00 -1.734447487048075054e+00
2.185575406533161402e+00 1.914938557034007519e-02
-1.396496335488137674e+00 1.614771451995921370e-01
-1.444113805429589448e+00 2.025707005398695582e-01
-5.044658629464512378e-01 -5.987745061352239828e-01
1.600370694478304712e-01 1.173802471196598196e+00
8.761689211162249080e-01 3.554823315182095156e-01
3.156349472416052349e-01 1.417085863354749620e+00
-2.022201215824003029e+00 -2.496712100052766725e-01
-3.062040126283718244e-01 -1.810486234911317660e-01
8.279746426072461807e-01 5.474971320049114576e-01
2.300947353643834070e-01 1.308712745736118288e+00
7.620111803120247496e-01 7.900139956250304962e-01
-2.223281426103592695e-01 5.845570058135015484e-02
-2.007580689299974519e-01 1.238357754111894249e-01
1.865613909882843091e-01 1.229316638059760658e+00
4.100516472082563202e-01 1.454150421303437302e+00
1.982997201267697462e-01 1.252226490560099714e+00
1.190086458074588183e-01 1.078340766058993427e+00
-6.706622862890305736e-01 -7.336485595194578435e-01
3.775637863209194145e-01 1.451695365945074645e+00
1.218212709914369279e-01 1.085234539728562098e+00
1.129483907911919660e+00 -7.207215057509470668e-01
1.198917879901507000e+00 -9.915406297982901629e-01
1.851564174839438470e-01 1.226504952561542794e+00
-3.752849500901141999e-01 -3.541549514795521714e-01
-6.387304074542223820e-01 -7.240797069674864694e-01
4.234943540641128989e-01 1.451923857859998668e+00
7.734006834855941537e-02 9.709861559012243903e-01
-3.438536755710756010e-01 -2.785731218779518570e-01
4.359685683424693869e-02 8.775702990925372537e-01
-6.200008439481292655e-01 -7.148629923641892647e-01
6.980320340722189210e-01 9.965616852439658224e-01
-4.471285647859982171e-01 -5.042282448430983610e-01
1.224507704805498864e+00 -1.084380355650768735e+00
4.034916417907999930e-01 1.454530955565210615e+00
5.935785232370669462e-01 1.258753433682248124e+00
-1.094911845741041834e+00 -2.925243591685872113e-01
1.693824330586680971e-01 1.193931737411272787e+00
7.405564510962747704e-01 8.627098434378732694e-01
-9.537006018079345893e-01 -5.245437758833777497e-01
-2.662185060036220685e-01 -7.024645066266893556e-02
3.261454669335855927e-02 8.461039130602416858e-01
-1.373117320246755702e+00 1.370969036087197057e-01
3.151593920422917638e-01 1.416667178488155043e+00
8.461606475850333986e-01 4.762921636676193948e-01
-8.595159408319863470e-01 -6.445354949728846483e-01
3.505459786641073605e-01 1.441340967808859563e+00
-1.312283411237431752e+00 6.207838873341494507e-02
-3.869550926605111463e-02 6.319060552549118359e-01
-1.615772354703294722e+00 2.439464977942485957e-01
1.121417708235664001e+00 -6.877662190669401321e-01
4.089005379368277904e-01 1.454269679319781128e+00
-2.461695587577835548e-02 6.753005230355331179e-01
-7.751616191691595992e-01 -7.131197848775787662e-01
1.273755930158776639e+00 -1.250063064632271237e+00
1.967101749254734688e+00 -8.991488337767973293e-01
-1.857981864446752063e+00 2.160914600491977561e-02
1.236164030452820306e+00 -1.125230161486819869e+00
1.627650753148906393e+00 -1.730647105921121698e+00
3.380116965744757729e-01 1.434018714978114950e+00
-1.199268032335186085e+00 -1.117486549893550868e-01
8.633453175440215510e-01 4.075646600728785596e-01
-1.809203020781504634e-01 1.849151712335280473e-01
-6.039206277932572808e-01 -7.048311151954614884e-01
-1.230058135666961761e+00 -6.098268870381484685e-02
5.505374959762153741e-01 1.336214983595811701e+00
7.928068659193476808e-01 6.801074563576049448e-01
-6.235307296797916177e-01 -7.168189564616497256e-01
5.205763370733708095e-01 1.378880020295022879e+00
-1.144341389623142691e+00 -2.060202155774743527e-01
8.018610318713447205e-01 6.466432818249452374e-01
4.656729842414553816e-02 8.860061336338957982e-01
-1.865697719073487748e-01 1.674414613258234652e-01
-1.017458725291452148e-01 4.340040569903079182e-01
8.688861570058679096e-01 3.851385988542442296e-01
7.504116398650081399e-01 8.297311601250683122e-01
5.294653243527092101e-01 1.367186383900470759e+00
1.377012099973860815e-01 1.123196272783951066e+00
7.782112791270591468e-02 9.722726398629136790e-01
6.183802619985244720e-01 1.205735098102702629e+00
2.324945591787378751e-01 1.312652612510484484e+00
6.825514068644851218e-01 1.041624970607935907e+00
-3.101167735180599960e-01 -1.915265675110386090e-01
-2.434837764107138813e+00 -7.353279164572137372e-01
1.038824601859414054e+00 -3.389481332183229556e-01
2.186979646974257729e+00 2.520900083870740785e-02
4.413644435685820655e-01 1.446003407029854193e+00
-1.001552332834997755e-01 4.390437897092976938e-01
-1.364447438960330328e-01 3.242449138204816506e-01
-1.190541877748098887e-01 3.792231292754177363e-01
1.740940830000459877e-02 8.017611757519224058e-01
-1.122018728746888350e+00 -2.450585042375190148e-01
-5.170944579202279012e-01 -6.164003947991104626e-01
-9.970268276502629590e-01 -4.580012180529439147e-01
2.487991613877705011e-01 1.338040845740323004e+00
-2.966411523708627485e-01 -1.551911563690489548e-01
4.952113239779604159e-01 1.407636808119336225e+00
-1.747031597425009464e-01 2.042262842174017157e-01
9.863351878212419654e-01 -1.117939371992994341e-01
2.135339013354417836e-01 1.280306852921963667e+00
2.190699728969733417e+00 4.115954469700396079e-02
-1.896360922891092482e+00 -3.677138283825158449e-02
-6.469166882549080011e-01 -7.272677334085722034e-01
9.014868916487109862e-01 2.507890543132687000e-01
2.528325706806398010e+00 1.217148562472249118e+00
-2.486347777154600536e-01 -1.945710532523205194e-02
4.366899317838910527e-02 8.777668891535587159e-01
-2.263142425136051850e-01 4.650087932678791808e-02
1.331457112587591807e+00 -1.418824593484298235e+00
-2.873078634760188876e-01 -1.295547650133276052e-01
6.800698398781045428e-01 1.048647211109734689e+00
-3.198015988986712133e-01 -2.170984014955816277e-01
-1.272558755245994266e+00 5.239215600727314438e-03
3.135477204634321557e-01 1.415236321630575222e+00
5.031848134353260615e-01 1.399323853701708531e+00
1.293225882532261783e+00 -1.310235481957821246e+00
-1.104470264173163102e-01 4.064660124223055671e-01
-6.173620637123609090e-01 -7.133587817460386171e-01
5.627610966190262909e-01 1.316140460880732777e+00
2.407370922377322364e-01 1.325780245136638058e+00
2.806650771226390506e-01 1.380887864728934877e+00
-7.311270374727776855e-02 5.244026386821178942e-01
1.160338569993769609e+00 -8.441145357351101941e-01
3.694927163757237287e-01 1.449404132029667336e+00
1.904658708340981166e+00 -1.127890601661263315e+00
1.111056698560504596e+00 -6.450906033449602672e-01
6.590497961002101945e-01 1.106094190270765054e+00
-1.627438340616257362e+00 2.404030404111658359e-01
6.023192802956289782e-01 1.240759684000960039e+00
4.202822036470595379e-01 1.452616246536727829e+00
8.109516728035557342e-01 6.125701371605750678e-01
1.044442094707258795e+00 -3.631594684337444701e-01
-4.008781917889266411e-01 -4.114116371874581568e-01
8.240056184504076509e-01 5.628062196965905040e-01
-5.623054310190898075e-01 -6.696181195288508636e-01
1.954878075009034433e+00 -9.458288337205860152e-01
-1.331951666517248167e+00 8.803982561804701845e-02
-1.760688560398783409e+00 1.455284333898240745e-01
-1.650721265824100170e+00 2.309753874785174799e-01
-8.905555841630484748e-01 -6.094015682102124076e-01
-1.119115398559727970e+00 -2.501405213560788932e-01
1.956078903703641902e+00 -9.412614498941797025e-01
-3.264994980781842360e-01 -2.345081732853721290e-01
-1.342675789377435924e+00 1.015297134546245400e-01
1.114382976779791923e+00 -6.588323588993622026e-01
-5.865239388215924832e-01 -6.917330821984069011e-01
-1.236853376541397376e+00 -5.009621071991431085e-02
8.758389276492994924e-01 3.568015442201999954e-01
6.233621765780327229e-01 1.194370529303205419e+00
-4.349566829552277136e-01 -4.811857850900938538e-01
1.407540000241228606e+00 -1.592807776469831849e+00
1.291015797107254448e-01 1.102833161520130112e+00
1.616949598857300163e+00 -1.737240796240525631e+00
5.027408819999042988e-01 1.399812866088985031e+00
1.558805540619859320e+00 -1.749134216665463315e+00
1.094026964254281725e-01 1.054468023009746958e+00
-1.219744396979032697e+00 -7.777229390933755593e-02
2.449368649061397285e+00 1.013709965025107351e+00
-5.457741679825677261e-01 -6.519550263331813644e-01
-1.988378628888967381e-01 1.297205026218610224e-01
-7.003985049212546610e-01 -7.357158488706038169e-01
-2.033944489645584386e-01 1.158084933704522923e-01
2.426694410817945846e-01 1.328782835135358775e+00
2.018301788740040348e-01 1.258899069683405259e+00
6.610202875986929127e-01 1.100877367037132570e+00
1.792158208975566991e+00 -1.465170980203136741e+00
-1.204645717885074463e-01 3.747723862538460682e-01
-1.233120735446426641e+00 -5.607023347446691425e-02
-1.182318126509633638e+00 -1.404451710527362118e-01
-6.657545181991265659e-01 -7.326807107397531604e-01
-1.674195807618932053e+00 2.182584008346137028e-01
8.250298244389858704e-01 5.588404388235632680e-01
-4.982135636310781046e-01 -5.896204875546376956e-01
-3.109849783028508785e-01 -1.938410844942502209e-01
-1.891482838003701473e-03 7.443273975474498094e-01
-1.396620424595431897e+00 1.616005302047873182e-01
-8.613163607760420115e-01 -6.426097457941667423e-01
6.747115256879723244e-01 1.063674936816479510e+00
6.185391307862931898e-01 1.205367928186536153e+00
-4.431719307006377617e-01 -4.968285328918574106e-01
1.810534914125456307e+00 -1.417752058488967126e+00
-1.305726922557737479e+00 5.307617320641143388e-02
-3.449872101549794623e-01 -2.814062823141222358e-01
-2.308397431354694551e-01 3.300679377814418752e-02
-2.793085000146540153e+00 -2.901006719190018512e-01
1.937528813616079759e+00 -1.010570354610369037e+00
3.663320145400582595e-01 1.448287944130861149e+00
-1.044589381907791603e+00 -3.794426272019137958e-01
2.051173442857444407e+00 -5.589634486553330950e-01
5.856620001723824576e-01 1.274432627474611168e+00
4.295261400219644865e-01 1.450303207463528699e+00
-6.069983982000460854e-01 -7.068999811590995774e-01
1.062227240352178054e-01 1.046440694460378795e+00
-1.525680316229357736e+00 2.439049338350147700e-01
7.950260944248447315e-01 6.719593913998197499e-01
-3.744383188432206522e-01 -3.521947520231959450e-01
1.340481965546231335e-01 1.114603714295302916e+00
1.202054862199705809e+00 -1.003165656669684269e+00
2.847481108490579338e-01 1.385712516198438271e+00
2.624674454632686116e-01 1.357537134348963948e+00
2.764993048221836558e-01 1.375807949460787105e+00
-7.332716038953128734e-01 -7.305548996576261001e-01
8.360047194342687948e-01 5.162401948210970648e-01
1.543359110804483736e+00 -1.745488381559172852e+00
7.588056600979309341e-01 8.010760270249316362e-01
8.849088144648833421e-01 3.195770130396569098e-01
-8.772815189181882856e-01 -6.250191146132145770e-01
-8.677872228729256454e-01 -6.356548484988758796e-01
-1.440876024291839919e+00 2.001929608281350637e-01
1.232253070828436048e+00 -1.111624334651935442e+00
-2.541798676073683261e-01 -3.559307179893375639e-02
1.399843942480985870e+00 -1.577916207006454963e+00
-7.819116826868006687e-01 -7.092300357917846743e-01
-4.375089828285809723e-01 -4.860970492083424577e-01
9.542508719125769590e-02 1.018768351664193217e+00
9.214500686595114010e-01 1.667706009463831018e-01
6.075019579950674542e-02 9.257032909659720366e-01
2.111247550077167412e-01 1.276002511409521034e+00
1.652756730561560916e-02 7.991530111021689642e-01
1.771877202759604142e-01 1.210266200460727637e+00
-1.116470017884744426e+00 -2.547753763220998446e-01
8.092710097327859842e-02 9.806109114706929031e-01
-1.865789935114662845e-01 1.674288850856716360e-01
-5.682448088584730189e-02 5.755124276767261682e-01
4.923365559366488231e-01 1.410448497289953584e+00
-6.806781410088857953e-01 -7.350716519953767181e-01
-8.450802740462980134e-02 4.885003932557832607e-01
-2.973618827735036163e-01 -1.571589001933836327e-01
4.173020049748625282e-01 1.453193316754398667e+00
7.847706510155895154e-01 7.093810948530011595e-01
-9.554252623736891881e-01 -5.220021927147103780e-01
5.859104311026156475e-01 1.273914013835973913e+00
2.065783320218834263e+00 -4.972528788551318635e-01
-1.471156925832624918e+00 2.205156647126244318e-01
-8.301718953151139280e-01 -6.731183123096037280e-01
-8.805775998441709440e-01 -6.212257863822633341e-01
-2.790977215432902669e-01 -1.066680778852929640e-01
1.622849085954001014e+00 -1.733776144395588803e+00
1.335267634717659385e-02 7.897702215655906244e-01
-6.946935952872262954e-01 -7.358124039924803794e-01
6.218035043055724076e-01 1.197937454726738737e+00
-5.998045310708474132e-01 -7.019319498887471864e-01
1.123412162021935279e+00 -6.959440001366178352e-01
3.052670402440107456e-01 1.407571928764761449e+00
1.388779396370268371e+00 -1.555428044924860753e+00
-6.613442431530186516e-01 -7.316509001752905528e-01
3.030857112372030482e+00 1.057812810689209515e+00
8.245846250334574190e-01 5.605768096770846753e-01
6.545801525867004367e-01 1.117789958952020601e+00
-5.118844760766420865e-02 5.931188407681803332e-01
-7.255971191344274818e-01 -7.324424266686573315e-01
-8.677686776235903343e-01 -6.356680846367031013e-01
-1.359773261005893241e-01 3.257305558785787425e-01
-7.972697854931296568e-01 -6.992990582300394609e-01
2.826757122484202522e-01 1.383287220886732394e+00
-8.260974318473202072e-01 -6.766935447555676442e-01
6.210827008390084059e-01 1.199614487929723472e+00
9.561217041246964365e-01 1.869652554357948554e-02
-7.058405074022838788e-01 -7.353962168584092796e-01
1.192686067754693546e+00 -9.683063738708304058e-01
-2.379419357521826428e-01 1.193894805452851322e-02
1.155287886088225191e+00 -8.242159017294172774e-01
4.381663472912374901e-01 1.447318361789820651e+00
1.122328321657092287e+00 -6.914934516594820613e-01
-9.970197955296824510e-01 -4.579952021724805755e-01
-1.067939867792251085e-01 4.180221117030057387e-01
1.451429260590935355e+00 -1.665289212471304348e+00
-6.180368476815788492e-01 -7.137509245479017883e-01
-2.037201225680794980e+00 -2.759358858835115336e-01
-1.942589181476455540e+00 -1.121977055367401888e-01
-2.506440652676061198e+00 -7.225279897245550087e-01
-2.114163921916826006e+00 -4.083055820241317524e-01
-4.116391631884825375e-01 -4.342552115660451850e-01
1.278528082841721814e+00 -1.265086481788368689e+00
-4.422292795131728127e-01 -4.950751202287497765e-01
3.235273536014320883e-01 1.423639980950909933e+00
-1.099914901636068199e-01 4.078985571320705161e-01
8.548945436024692549e-03 7.755226666919341483e-01
-1.681988397447159722e-01 2.245001638989506942e-01
-1.741803443079907032e-01 2.058593860357668948e-01
4.611640999770174609e-01 1.435484586189561096e+00
-1.175982671441315297e+00 -1.512532589243364145e-01
1.010127177334724458e+00 -2.148591842135189056e-01
9.200179332477631533e-01 1.728526444589255084e-01
-1.950573408759011806e-01 1.412813161961994635e-01
8.053934242321815207e-01 6.334629991456467435e-01
-7.013444262571768562e-01 -7.356916705757855501e-01
-5.372230238753383791e-01 -6.420052667841970040e-01
1.562638502700832710e-01 1.165466616354496221e+00
-1.902210250848614947e-01 1.561895170022103707e-01
-4.487380326716227663e-01 -5.072047063386219135e-01
-6.724480387865963138e-01 -7.339477331485985134e-01
-5.574947217860433124e-01 -6.646892505437412835e-01
9.391687441964877703e-01 9.140343652069986280e-02
-1.943323405668352821e+00 -1.134292826243302743e-01
3.524943643693330131e-01 1.442345591127711879e+00
-2.364369518129867120e-01 1.638257579734243158e-02
7.278134999996488386e-01 9.043257209944245423e-01
5.150736136393656572e-01 1.385692238123076736e+00
-2.782534467652922672e+00 -3.158350606026394947e-01
5.846466104774261652e-01 1.276385810374069951e+00
3.242742434484210401e-01 1.424212475128630695e+00
2.186283662655242113e-02 8.148298415536692207e-01
-4.686738162778913419e-01 -5.425088068955087328e-01
8.532812219556222821e-01 4.479812041906294784e-01
-4.130293097110321887e-01 -4.371685891024941206e-01
1.834717626649686739e+00 -1.350496614556112807e+00
5.643828554943136622e-01 1.313342884280483736e+00
2.137828067439482282e+00 -1.872963782223518725e-01
-7.855339969202355110e-01 -7.070279679903631598e-01
-1.755925640232851803e+00 1.505256830698077641e-01
7.147895974858153867e-01 9.455278000351419188e-01
8.527040617252863441e-01 4.502807071110170312e-01
3.536009705475733761e-02 8.539987179662484884e-01
-1.538793245744643157e+00 2.469088169310418301e-01
-4.478951847161186106e-01 -5.056404667732989910e-01
6.179855339203347286e-01 1.206624378902208861e+00
-1.841763256537453375e-01 1.748432838585554649e-01
-1.159851854723962378e-01 3.889276278124457198e-01
-1.754589686617525901e-01 2.019090140436197722e-01
-9.339146556265013333e-01 -5.528635678265344522e-01
-5.330203260835992829e-01 -6.369021142840073368e-01
-1.426555420520531969e+00 1.888080804195515494e-01
1.767959948311026430e+00 -1.522536494453021749e+00
-4.753728751379820983e-01 -5.537507446686882329e-01
4.776101818175572666e-01 1.423543445509737326e+00
-1.021885944641309329e+00 -4.174876418894561403e-01
7.945282396010823200e-01 6.737708237949384671e-01
-1.873160977635301538e+00 -9.414434637148897615e-04
9.206151180549562163e-01 1.703309136589965245e-01
-3.536792487871091156e-02 6.422261684352484901e-01
2.110605053600709713e+00 -3.051409157024917995e-01
-1.306534072844018457e+00 5.420086063434619017e-02
7.638048015959200687e-02 9.684197662123309458e-01
3.672318138838647217e-01 1.448614863498741911e+00
1.232899192376237130e+00 -1.113886370209059340e+00
-4.228569613907753877e-01 -4.572693379801445746e-01
8.646440652428741269e-02 9.953087297188099036e-01
-2.142466729077368459e+00 -4.546372134848225555e-01
-8.301688640227079530e-01 -6.731024756546132304e-01
4.516159505552415632e-01 1.441083335314247815e+00
1.104174326303213549e+00 -6.165232308924809557e-01
-2.817362690656128321e-01 -1.140633651272452836e-01
2.056355523198293511e+00 -5.371637321088480466e-01
1.760249226449093207e+00 -1.539579057326853073e+00
-6.065249177480989268e-02 5.635430897798613392e-01
-2.413503001173787688e+00 -7.319007561351086322e-01
-1.777566375805987420e+00 1.269140841269143782e-01
-7.778588266274127916e-01 -7.115996794143275572e-01
1.115841107924168574e+00 -6.648163539867805172e-01
3.102722877837673088e-01 1.412300964423293115e+00
-2.094247816222812197e+00 -3.747400369165638789e-01
-2.287658288701624187e-01 3.919564323308236120e-02
1.613361374563115458e+00 -1.739147287944142528e+00
-3.748046873026527059e-01 -3.530407422980388343e-01
-7.499696172756662449e-01 -7.250444611051727328e-01
2.054624102518115780e+00 -5.444596464057009921e-01
5.340953679834792300e-02 9.052723017028834196e-01
-4.791570987860799269e-01 -5.599285722038644941e-01
3.501671588282789238e-01 1.441150194726517730e+00
1.716472637408856389e-02 8.010322646365533039e-01
-4.291422782350937659e-01 -4.698180993298621821e-01
1.208456328551962944e+00 -1.026672378722712331e+00
1.115701802784486274e+00 -6.642604859779882576e-01
8.408615581411037487e-01 4.971994182319365296e-01
-1.028872175735375954e-01 4.303958609039035821e-01
1.146900376399482946e+00 -7.909076048083325539e-01
-4.970257915867584003e-02 5.977429135609800825e-01
4.666432672288407524e-01 1.431819580950406845e+00
1.033686867939501042e+00 -3.167883560034910895e-01
8.088443602656820719e-01 6.205191880272691307e-01
1.789754683206271180e+00 -1.471122969466045705e+00
4.512840160401708767e-01 1.441278113375866754e+00
-1.684059985868237241e+00 2.119884349763657694e-01
-1.160170104982276129e+00 -1.785071443054759011e-01
1.350106818681725995e+00 -1.466839715788023524e+00
-3.312831699326282964e-01 -2.468286391220432807e-01
3.865391451330911221e-01 1.453495074793770492e+00
-8.514556565308267766e-01 -6.528419501392801472e-01
1.000881423680300975e+00 -1.748125752632815610e-01
-3.848322488327904356e-01 -3.759924603466536230e-01
1.458108238609519880e+00 -1.674425209601393627e+00
-5.322340208981775067e-01 -6.359287689835669832e-01
1.118133396717695627e+00 -6.742755152669152041e-01
6.743961048208688691e-01 1.064544703145159588e+00
-7.223919054141508811e-01 -7.331169685620433363e-01
1.098996332747179228e+00 -5.949294651895495889e-01
-9.016344904759979739e-01 -5.957165900197960440e-01
-8.224671889042517448e-01 -6.798041973120396708e-01
7.217112921126925817e-01 9.237768259346097466e-01
-6.253420014659879511e-01 -7.177716826889520840e-01
-5.938430672545096378e-01 -6.975346708069177781e-01
-3.439007092103923968e-01 -2.787046696133420598e-01
-1.000169189872515796e+00 -4.529525156736483038e-01
1.044994409673897451e+00 -3.655334433490006751e-01
6.085146984848496254e-01 1.227520793549198075e+00
-6.932869669048287442e-02 5.363184806486337441e-01
-1.083920671735398161e-01 4.129827122777871562e-01
4.501555127671789669e-01 1.441870542068413696e+00
1.765335100519071609e+00 -1.528423846123807328e+00
8.709698025322423209e-01 3.766794761363547184e-01
-5.084571342754007350e-01 -6.045000517061571710e-01
7.774192052488627658e-01 7.357860191708293085e-01
-1.187711721030892814e-01 3.801229347299448502e-01
-1.989981838037244155e-01 1.292248389998391644e-01
1.866471375152125134e+00 -1.254349295258656571e+00
-4.189378976781230612e-01 -4.493191968690089522e-01
-4.791849151274058527e-01 -5.599962973814693878e-01
-1.952105287245232468e+00 -1.282340003937155748e-01
-1.402329145453136805e+00 1.671575604615975486e-01
4.511229387345985775e-01 1.441359643247924982e+00
-6.949209011852390816e-01 -7.358329496235621603e-01
5.154138017832410323e-01 1.385283419382786763e+00
-1.114871052365936865e+00 -2.575883445374935743e-01
-7.673098263317347234e-01 -7.172836124646077005e-01
6.745707069560037406e-01 1.064056072545289000e+00
1.460892380463078011e+00 -1.678092715461067863e+00
5.924728014240198126e-01 1.260976817820248286e+00
1.197830841721251094e+00 -9.875147091909075581e-01
1.704594171372406874e+00 -1.643813338914198008e+00
1.040089153154095225e+00 -3.443946749778384331e-01
-9.184400383000259627e-01 -5.739846542404370977e-01
-1.053447125075421265e-01 4.225994675691768787e-01
6.301956706849110024e-01 1.178404511584620673e+00
-4.148469012882354257e-01 -4.409246634861977432e-01
4.519460373212230708e-01 1.440901194466530866e+00
-1.579156285394465398e+00 2.498020006735499066e-01
-8.286279788564058224e-01 -6.744831351772480055e-01
5.288797455851740326e-01 1.367987207835819286e+00
-2.237086511112470699e+00 -5.920986726204943151e-01
-1.107712502284552425e+00 -2.701080302428955915e-01
-1.771831791014226096e-02 6.963854010171965925e-01
-1.719394474619523105e+00 1.851604550167738616e-01
5.712099608209207646e-02 9.156335163881667016e-01
-7.995474906917598990e-01 -6.976874610023714451e-01
-2.915945955008327206e-01 -1.413532784418035093e-01
-2.589828534005323424e-01 -4.949212982707756892e-02
1.892931975586575888e-01 1.234745046427250914e+00
-5.637887345823027196e-01 -6.711067437686027981e-01
8.968640732259017256e-02 1.003777141630967540e+00
-6.011568006493834826e-01 -7.029046308973685431e-01
5.560735100773852579e-01 1.327322761698502829e+00
1.693809113288081036e+00 -1.660092559145464053e+00
1.968697792502914490e-01 1.249483381780695845e+00
1.698692553475716904e-01 1.194968152293523600e+00
-1.164007971161202137e+00 -1.718742388937066767e-01
6.933662256603845275e-01 1.010350423765232764e+00
-7.580673285562322672e-01 -7.216666126339722487e-01
-8.088471964721285490e-01 -6.908369604004029885e-01
5.574394528580334240e-01 1.325061239248281009e+00
1.810387443578708455e-01 1.218160490800269447e+00
1.107175450949062334e+00 -6.289937256192309478e-01
1.442876928496309219e+00 -1.652849072134517705e+00
-5.396815622024924153e-01 -6.449267598568894089e-01
1.283769901559443649e-01 1.101103060291204638e+00
1.760415183575322340e+00 -1.539223832681654525e+00
9.665392502290572896e-01 -2.618349930620755828e-02
7.130490503032691496e-01 9.509315261141184639e-01
1.306206065135448569e+00 -1.348572790862787585e+00
-6.046029691643759474e-01 -7.052852577769943565e-01
6.365834094146308741e-01 1.163037476268040438e+00
1.409253389364008235e+00 -1.596051247649797888e+00
1.620912285621747495e+00 -1.734942881029316819e+00
-8.061848173822241392e-01 -6.928599468675404882e-01
-2.516742076314243959e-01 -2.835206992321172292e-02
3.827151737243639218e-01 1.452799886911446015e+00
-2.889973430098158880e-01 -1.342140996650789952e-01
-3.918162398080484166e-01 -3.915955687516872175e-01
6.840013281819530278e-01 1.037496471191181602e+00
-3.534099828670143606e-01 -3.021439461721454056e-01
-1.787912891199715748e+00 1.148869241813257891e-01
3.618473158395682510e-01 1.446595399578556096e+00
-4.244927905709274252e-01 -4.605553711059529598e-01
-7.315309817303333739e-01 -7.310336272197853758e-01
-1.565738150655905381e+00 2.499268822232590115e-01
1.013822466971705527e+00 -2.308921895206233754e-01
-2.227112631850014512e+00 -5.792002723100579953e-01
-1.699333604722295776e+00 2.012048084022418082e-01
-2.758460625611433570e-01 -9.753847474833628184e-02
1.228955585650697291e+00 -1.100086446247919625e+00
1.309705905682653437e+00 -1.358658463952782780e+00
-1.154982634929364371e+00 -1.875177034935256726e-01
-1.776321959835509834e-01 1.951202431016731964e-01
-1.510456375087568803e+00 2.391077158570992789e-01
1.011207063774908432e+00 -2.195622586805616450e-01
-1.476562660520180259e+00 2.235939354156362968e-01
-1.431957450072376403e-01 3.029533514376803183e-01
1.032983778949751130e+00 -3.137602328107596539e-01
-2.224140285299085751e-01 5.819001526164761101e-02
1.470160343825740235e+00 -1.689619758038516828e+00
-8.700082231908520258e-01 -6.331794703305186900e-01
3.691904695468737341e-01 1.449289892436464111e+00
8.532821858237331636e-01 4.479676658292910951e-01
-1.397117304410724625e-01 3.139543278895510769e-01
1.386314264246318873e+00 -1.550239877824298507e+00
5.481295846881930611e-01 1.339984185026995789e+00
-1.637449593008341697e+00 2.367387936482495125e-01
3.958602704037963438e+00 -6.843550835817161504e-01
6.486436440906672152e-01 1.133027743532648790e+00
1.073432938235896611e-01 1.049281424626524073e+00
-1.398812818666476332e+00 1.637589344896096255e-01
8.176781880561644067e-02 9.828255085330912522e-01
-4.599428308406871557e-01 -5.274091612167791654e-01
6.443536660303222918e-01 1.143870014937628854e+00
3.716702912118653446e-01 1.450081353711403453e+00
1.853009485069379014e+00 -1.296169740877474830e+00
1.422513725263177820e-01 1.133755611547972553e+00
5.135054799885474530e-01 1.387572410921756871e+00
3.724568515114424772e-01 1.450318199446421152e+00
-1.484898030593936602e-01 2.862716540368840934e-01
-1.834001973200239111e-01 1.772523233298363421e-01
1.101000202668481753e+00 -6.032938303782772183e-01
7.800271353386294404e-01 7.264737923550769194e-01
-6.294416040537800239e-01 -7.198745097566175977e-01
-1.113436102972990227e+00 -2.600972118840644831e-01
-6.741002494685438551e-02 5.423598754581666626e-01
1.161439981674393662e+00 -8.484346171767631617e-01
-2.752938626797800381e-02 6.663660195524552243e-01
1.746435089227972526e+00 -1.568552759818820475e+00
-7.750702870734348382e-01 -7.131895498088522967e-01
1.416405376658051718e-01 1.132368578786105751e+00
-2.516303860965749095e+00 -7.177398663010630120e-01
-5.956678809102903260e-01 -6.989192492985671912e-01
-3.091213186418621528e-01 -1.888665182513255547e-01
5.109377744920892139e-01 1.390589288632946730e+00
1.710661838671135415e+00 -1.634091159813994221e+00
3.494358936374004909e-02 8.527912244186647284e-01
1.453917581608817455e+00 -1.668774651652605856e+00
6.616810764659825095e-01 1.099096144286511034e+00
9.863521802120642779e-01 -1.118651827917455932e-01
-4.661548568259279990e-01 -5.381887889256454782e-01
1.384991343648638740e+00 -1.547433566036597652e+00
-1.072964278711644903e+00 -3.307331812520285519e-01
4.951586112003165674e-01 1.407691633306273449e+00
-9.520621007062589625e-01 -5.269465200001872685e-01
-5.181455523987548162e-01 -6.178104655625054065e-01
-1.461403604722106175e+00 2.145013150661749246e-01
-5.163479086460222023e-01 -6.153761807410400575e-01
3.511168965109653373e-01 1.441652815478810856e+00
-6.877046307863847463e-02 5.380687844568595724e-01
-1.347764941253663640e+00 1.077631192987255626e-01
1.470739856691368974e+00 -1.690324715233603614e+00
3.372209383084585621e-01 1.433495635780525523e+00
1.008065433075763240e+00 -2.059356672221745455e-01
7.852269196346881586e-01 7.077161870899635332e-01
-6.648677669672132806e-01 -7.324828795302391615e-01
-1.945046958612039134e+00 -1.163401048623640688e-01
-9.154243682317061426e-01 -5.779705061075868233e-01
1.225155849273230846e+00 -1.086720728512710954e+00
-1.053546073700315056e+00 -3.641810071566673468e-01
8.160436843240609361e-01 5.932657835334500529e-01
-6.124069731288237506e-01 -7.103808297631458712e-01
3.931092448539835194e-01 1.454242348928018735e+00
-1.823919852625193849e+00 6.933093009616846103e-02
1.167075165999964081e+00 -8.704514086162497000e-01
-3.966870009048212298e-02 6.289047560944299731e-01
8.858257989659071852e-01 3.157969686641385332e-01
1.898616493830956597e-01 1.235878471885681451e+00
7.980637952989431128e-01 6.607372171254843884e-01
-1.019320392636000466e-01 4.334025445477943106e-01
7.433565435138622668e-01 8.534384464363675704e-01
-1.509572684224043337e+00 2.387853551077769865e-01
-1.080710692445506549e+00 -3.172845189976319924e-01
7.254740044815356503e-01 9.118128541748319327e-01
-3.917825620949668547e-02 6.304352419597423207e-01
-2.287541712202125488e-01 3.925101612230246645e-02
-1.796122946513579177e-01 1.889817699858106770e-01
5.017251093451654542e-01 1.400888725578089078e+00
-5.933437542424190303e-01 -6.971365798550462900e-01
5.103075967452559425e-01 1.391336167096323573e+00
-9.157918490686791646e-01 -5.774705584684569626e-01
-4.072520430199657593e-01 -4.250363794894050917e-01
9.849516717192109416e-01 -1.057866235515842052e-01
1.071252427845890809e+00 -4.778934912173609106e-01
-1.097154360255362171e+00 -2.886171815947822239e-01
8.386347472283773863e-01 5.059399649478713012e-01
-1.039182322034903017e+00 -3.885652472441429306e-01
7.330232317190783498e-01 8.874480926457156693e-01
-1.898812059319294754e+00 -4.065042452675141776e-02
-1.117110692439112540e+00 -2.536548323953984330e-01
-5.089722778228614741e-01 -6.052112503825965995e-01
-1.664859548859593530e-01 2.298642506347411407e-01
1.423614429348987187e+00 -1.621843432615539760e+00
9.039991740035269174e-01 2.402539238781084829e-01
1.575467908572380837e+00 -1.749882955290108288e+00
1.206607898035568116e+00 -1.019892936460669697e+00
-2.828635516348445011e-01 -1.172047028236090638e-01
-2.663268843187200918e-01 -7.053783083552851718e-02
1.068971622201262628e+00 -4.682047515528894865e-01
4.037143102283926449e-02 8.683811084035164551e-01
-1.569936724933179151e-01 2.595855841371412787e-01
-1.335202723015191495e+00 9.218296611193707579e-02
-1.064601215555398689e-01 4.190739188397315518e-01
-2.790996406693846410e+00 -2.952602251654040666e-01
-4.561175551486853497e-01 -5.205809116844555273e-01
-9.798902516618006597e-01 -4.849816664699592161e-01
6.925743475393557613e-01 1.012674137944487462e+00
-4.786723564156615263e-01 -5.591785976599353836e-01
-3.290515493410808845e-01 -2.410888515602230830e-01
1.347105464670497632e+00 -1.459326000704706416e+00
-1.049067745168616117e+00 -3.717997859324223553e-01
3.166588951566543519e-01 1.417957575194357833e+00
-1.895266947476466068e+00 -3.506313412235913252e-02
8.972911744465111861e-02 1.003895686600841719e+00
4.102657453968444612e-01 1.454123628034592386e+00
8.598709717969120758e-01 4.215493721851217290e-01
-8.986831933186461008e-01 -5.994040840355294719e-01
3.196569419445934868e-01 1.420479598816996036e+00
3.181541996786893534e-01 1.419248230016924905e+00
-1.923163409763722909e-02 6.917816403612820908e-01
1.500162787278037368e-01 1.151488475238005460e+00
4.635343217316654774e-01 1.433963605773491246e+00
3.978804248818511580e-01 1.454513592430614066e+00
-9.960108890883996313e-01 -4.596208882173773991e-01
-1.195861510324481847e+00 -1.174638613987158270e-01
2.505980285318672784e+00 1.165415388267967645e+00
1.919792286428087857e+00 -1.074802546711359108e+00
-1.391693876054033607e+00 1.566942062413525794e-01
4.502177420378454809e-01 1.441806902388189648e+00
6.274370827531104977e-01 1.184895574011776809e+00
7.513372351604845623e-01 8.266169026366259054e-01
1.403954364473501693e-01 1.129465628606626915e+00
-9.268719392086243181e-01 -5.625637538676897531e-01
-1.824204063630975592e-01 1.802757482465209005e-01
-4.911251377908180671e-01 -5.788723945242923996e-01
1.343731160397544089e-01 1.115359714984972994e+00
-2.683713041205766370e-01 -7.638007288007807316e-02
-1.316756262870183158e-01 3.393122301925555750e-01
1.018552474767882021e+00 -2.513785768856576230e-01
1.230558199954724596e+00 -1.105696466485584839e+00
-1.181103172771823084e+00 -1.425203462118696807e-01
-4.599301044345812661e-01 -5.273590775318570678e-01
-7.907999537751677632e-01 -7.036709280960565804e-01
1.223722211960109219e+00 -1.081613789740116571e+00
-5.936790254849916293e-02 5.675556838763993195e-01
1.448989404158235628e+00 -1.661831828156941970e+00
-4.775808546567208990e-01 -5.573732538753194410e-01
2.599999418565817483e-02 8.268959752644593486e-01
-1.348696446797242210e+00 1.089132502334884539e-01
1.302535536486180145e+00 -1.337884969948940128e+00
-3.626120875772587682e-01 -3.243889988584287565e-01
-1.485156451325454263e+00 2.281717652851423528e-01
-5.924612851532694568e-01 -6.964554630087960163e-01
-2.304907937770138027e+00 -6.671666798478502747e-01
-3.181717269879145299e-02 6.531736031530344100e-01
1.124877424141958321e-01 1.062171523370059711e+00
2.880781670051505428e-01 1.389516475292834174e+00
1.498108183577034014e+00 -1.718418879446824477e+00
-3.009761539553384435e-01 -1.669705290101998196e-01
8.074559170052701962e-01 6.257210246269969689e-01
3.122386890129998926e-01 1.414070610311525034e+00
-1.933216404740039085e-01 1.466227857047059657e-01
-2.076802021923553898e+00 -3.448619744188628489e-01
9.475011673456759098e-01 5.572812804784305768e-02
-5.039739491423175233e-01 -5.980630242719667811e-01
1.795589165082642560e-02 8.033411350696993969e-01
-1.270460776385479607e+00 2.099492953147554918e-03
2.829955338110016205e-01 1.383670941835367207e+00
1.080308173123453452e-01 1.050998815271444453e+00
2.941761897076564103e-02 8.368480014627790453e-01
-1.347931292957236238e-01 3.294759053991067610e-01
1.049218290752567784e+00 -3.836842304358574207e-01
9.662208625783414995e-01 -2.480268779095584630e-02
7.259168525208211653e-01 9.104111185456807975e-01
3.321078756170364521e+00 1.893964354125637906e-01
-6.002253303773148474e-01 -7.022442369116927985e-01
-3.795175155338796347e-01 -3.639038731667908477e-01
-1.014803690858671059e+00 -4.291824711603421938e-01
4.359861962964098336e-01 1.448137407289160183e+00
-6.874873930601743677e-01 -7.356178309072688437e-01
-2.698361741666047031e+00 -4.969639192294838526e-01
-1.213338125828704595e+00 -8.834445112370557796e-02
7.225189915588459133e-02 9.572488338140965336e-01
1.009787334947558568e+00 -2.133866621846041700e-01
-1.556941557865031411e+00 2.494205214141091975e-01
-6.124421282843443004e-01 -7.103986444783609855e-01
-1.393518054509212400e-01 3.150710348526152282e-01
-7.285374894247015343e-01 -7.317796299775648494e-01
5.311637934562251084e-01 1.364874046534387153e+00
4.000841975375483278e-03 7.619889570806168688e-01
3.212659144838316272e-01 1.421821789738679342e+00
-7.252149257453661679e-01 -7.325229897463937379e-01
1.536536328021098630e+00 -1.742972465319911901e+00
-3.750087583560960443e-04 7.488604928586225506e-01
1.293549620663308364e+00 -1.311203038357436679e+00
-4.389976636662775711e-01 -4.889400821197999458e-01
5.900394641608301960e-01 1.265833816922612653e+00
-6.793837829972343423e-01 -7.349408588271573173e-01
-9.509092510507696216e-01 -5.286298261871055226e-01
-7.043503315234588280e-01 -7.354948983916096417e-01
-4.586668606976747331e-02 6.096801050273199518e-01
-2.187334589677091545e-01 6.924600891529271440e-02
1.539207009655062741e+00 -1.744007822019522980e+00
-1.148704229636945851e+00 -1.984175166581742811e-01
-1.090338332454814818e+00 -3.005186037286332601e-01
1.700188146645525977e+00 -1.650621586273496311e+00
6.087836589081088157e-01 1.226961905237495598e+00
-1.881410867166059653e+00 -1.350805451094403385e-02
4.972690986459771811e-01 1.405535369012824942e+00
2.373326993395965812e-01 1.320422989174505179e+00
-2.144444046728450459e+00 -4.578130105734664612e-01
-3.695624253374332757e-01 -3.408245779899611860e-01
-1.745495183617797388e-02 6.971945315170142710e-01
7.314025171250656543e-01 8.927241925634391562e-01
9.544956665476874713e-01 2.569596721031433204e-02
9.574677111013467357e-02 1.019603032670122644e+00
1.033450803264237328e+00 -3.157729592027739285e-01
-1.462732746113538096e-01 2.932655496253550043e-01
-8.574968247397719567e-01 -6.466335090169192945e-01
-9.341818431479490537e-01 -5.524877858625897309e-01
5.426452945663160499e-01 1.348345181204166243e+00
-1.958169085599010817e+00 -1.385432009159400790e-01
6.778075711198114917e-01 1.055045116150199469e+00
-1.106573067391885212e+00 -2.721209715812301644e-01
-3.592240957107388222e-01 -3.162288593744598808e-01
5.053819027529176111e-01 1.396910784024108176e+00
1.217940900801347315e+00 -1.060983464919861508e+00
-1.940680964364893235e+00 -1.089902352527954421e-01
-8.061782119534569579e-01 -6.928379353423436138e-01
4.906169237310280956e-02 8.930411543105688521e-01
-5.960863345876620256e-01 -6.992002515707128607e-01
8.616231013412039008e-01 4.145138846882527872e-01
-2.086390565456526236e+00 -3.613290959760686039e-01
3.618016405710469119e-01 1.446565141827891310e+00
4.259201765028159947e-01 1.451329660883113881e+00
4.908039714163047601e-02 8.931086420072080756e-01
1.102236732585342160e+00 -6.084544370265281277e-01
-1.229574253546428908e+00 -6.177838913512189584e-02
1.108616757989675072e+00 -6.349548725850372444e-01
-7.029204029101686624e-01 -7.355769000521328316e-01
7.255505180787331643e-01 9.115802791130720450e-01
-3.242042194852110537e-01 -2.285584726479220063e-01
8.143431291489253709e-01 5.997118660598617090e-01
7.804699297583743700e-01 7.248904364276302914e-01
-1.464053573580591738e+00 2.161905490510035444e-01
-1.544911938105285876e-01 2.674068280493607230e-01
-9.243231854158613647e-02 4.634656413369355188e-01
-2.378752654568324909e-01 1.214253526621631926e-02
-7.556627651019650616e-01 -7.227199871155605138e-01
1.851437894573509713e+00 -1.300938624381276387e+00
2.090966765755210288e-01 1.272334455727037961e+00
1.555015994333088791e+00 -1.748518878056686487e+00
-5.691486535119704149e-01 -6.763121011100642344e-01
-1.061796761310848103e+00 -3.500176451957373591e-01
1.322477789197846199e-01 1.110329552393710451e+00
-5.632366041174565741e-01 -6.705561691777481848e-01
2.390145962333511509e+00 8.262231889469073831e-01
2.454228491891196351e-01 1.332966402401044137e+00
1.152599135010603737e+00 -8.135737367765119021e-01
-2.242357721234985168e-01 5.273432189230913697e-02
-3.260613057601362552e-01 -2.333720701704661560e-01
-3.091141760413596701e-02 6.559803698288355633e-01
3.557172615760168521e-01 1.443893236318724238e+00
8.495868450948218520e-01 4.626921673126092593e-01
-1.221540151116833062e-01 3.694054632698919871e-01
-6.808515740173174402e-01 -7.350805708533212357e-01
-1.067876576486555207e+00 -3.395537041843545989e-01
-7.667936270573186275e-02 5.131694437829127375e-01
5.729627259567562358e-01 1.298200424676056786e+00
4.579470763097417407e-01 1.437480721890382895e+00
-1.781754905393898719e-02 6.960934445520496894e-01
-6.001387992356129741e-01 -7.021783534647698666e-01
1.467652633868894718e-01 1.144128796082708455e+00
5.718048788649897629e-01 1.300297200630941230e+00
-3.681765651702741116e-02 6.377287427941282782e-01
1.123684887922189735e-01 1.061893036738090990e+00
-1.505043256504516036e-01 2.799568294344590424e-01
9.154992680625726464e-01 1.919415652620518886e-01
-4.382002673386686253e-01 -4.874091616020436724e-01
1.855356209665554035e-01 1.227255405409378053e+00
3.944280300121125737e-01 1.454354170487028419e+00
7.255225582535588247e-01 9.116767080264099876e-01
1.495884765884475609e+00 -1.716452813742378014e+00
6.754538092042119413e-01 1.061605962951351900e+00
5.992132354592584198e-01 1.247251355195661660e+00
-1.470237089021313226e+00 2.199618848186080666e-01
6.064039443038369281e-01 1.232100275169219161e+00
2.293717612357177860e+00 4.695068959084777727e-01
-8.300109855676733872e-01 -6.732526604205776311e-01
-1.019519849405716272e+00 -4.214186565573410093e-01
-2.146538422260227119e-01 8.157564803475546300e-02
1.021248126098901254e+00 -2.630416723377979049e-01
5.247504922968238006e-01 1.373501247184987895e+00
-4.771242064693320684e-01 -5.566319548706251119e-01
-3.599018172719131714e-02 6.402906609435957686e-01
1.037038981773907853e+00 -3.312650970449411703e-01
6.726197481214789553e-01 1.069456884335719504e+00
2.428876969522979046e+00 9.519617394438868452e-01
1.005686680311216330e+00 -1.956147239552375461e-01
3.535672160026290811e-01 1.442884226767376932e+00
6.147262758274484318e-01 1.213925726830539675e+00
-3.489841909155525501e-01 -2.912837377692337748e-01
-9.777730015329669788e-01 -4.882549397757673382e-01
1.719571321675908149e-01 1.199372871118654649e+00
4.905610438096388859e-01 1.412178518197119592e+00
-1.395283025065326976e+00 1.602951681820391494e-01
-5.223564651356952249e-01 -6.233814226216889409e-01
-3.692559018289681694e-01 -3.401184222802502988e-01
2.656424025142851142e-01 1.361819848030353386e+00
-2.604660588653798237e-01 -5.375278823325810307e-02
4.450967103445719886e-01 1.444338254756261763e+00
9.811224622199123113e-02 1.025712220173135458e+00
1.060327509156807402e+00 -4.313126279085280901e-01
-1.711167659624492687e+00 1.919991484541271332e-01
1.657124638042925646e+00 -1.705503893928647319e+00
1.417674012999360356e+00 -1.611453235705019971e+00
5.031708614713537031e-02 8.965807153305700439e-01
6.503232142523460713e-01 1.128751540907972917e+00
6.065484004132948304e-01 1.231771278657615376e+00
-7.372896277599318982e-01 -7.293890279469240623e-01
1.646650658492066210e-01 1.183840854446935653e+00
7.781741790995664321e-01 7.330962491163737216e-01
3.098167586074883628e-01 1.411867185770098398e+00
1.051320767848751281e+00 -3.927135646960578930e-01
9.499611006916124090e-02 1.017658203447765475e+00
8.075098862302004799e-02 9.801157642504647605e-01
-7.678037460245601409e-01 -7.170522384932888071e-01
-3.645380497066375014e-01 -3.289445049295249834e-01
-4.597176810380680378e-01 -5.269756764801679649e-01
1.705483517755442380e+00 -1.642424635000741207e+00
2.405055521473621338e-01 1.325421980417952561e+00
-9.994265013581794532e-01 -4.541590118666556930e-01
3.985983881614372781e-01 1.454543056014220959e+00
-1.920036966310444126e-01 1.506879681471605115e-01
-3.053764380426304825e+00 4.780107313641210887e-01
4.798523711538174030e-01 1.421729086114951857e+00
-1.552698783176835517e+00 2.489977574737328170e-01
5.784644202562420068e-01 1.288101577701729061e+00
-9.612635990305099520e-01 -5.133561337586003415e-01
-1.458324460393153998e+00 2.125019203436916415e-01
4.943416509823787552e-01 1.408504580721536836e+00
-1.494193765274684393e+00 2.324979006724194053e-01
-4.466992034771199993e-01 -5.034218361443305589e-01
2.043773949211629692e-01 1.263626645148724581e+00
6.122325231280529856e-01 1.219438872479918334e+00
7.448845364406518899e-01 8.483208238358075359e-01
-3.628128855370222478e-02 6.393913931178175636e-01
-8.323953476886891689e-01 -6.711117709013815213e-01
1.923815425970925030e+00 -1.060389042297661177e+00
-6.059813205385977675e-01 -7.062384003844246472e-01
1.803588981486497378e+00 -1.436064961366281256e+00
-4.525249732840255779e-01 -5.141321016119214660e-01
1.161285693341807423e+00 -8.478119156161444403e-01
1.069965538950133022e+00 -4.724335564584135616e-01
-1.045534247376894488e+00 -3.778281385687249916e-01
3.552845070062295441e-01 1.443691959897211330e+00
7.553920291908553519e-01 8.127830061845601195e-01
7.009821215232441283e-01 9.877452590577301406e-01
-1.989374502838960057e-01 1.294099512080093828e-01
3.019600454061449057e-01 1.404314782967451380e+00
-3.946896809955576235e-01 -3.979360681949076772e-01
-1.171813379221122275e+00 -1.584264430428161119e-01
9.840122369402405367e-01 -1.017308979244494899e-01
-5.596814219185568540e-01 -6.669401323854839969e-01
1.379758191606217155e+00 -1.536125563581371978e+00
6.024509012396098706e-01 1.240488929292097753e+00
-8.926466735128840702e-01 -6.068536008852785102e-01
-1.611983195412373671e-01 2.463883394026541995e-01
-2.863849153951737447e-01 -1.269679786615182659e-01
-8.708876496519610821e-01 -6.322258552573611912e-01
5.014295898933300855e-01 1.401206028521455371e+00
-4.786140738611844303e-01 -5.590698740028267055e-01
1.631691513630797230e+00 -1.727786874803953321e+00
8.608912410184296204e-01 4.174615660175213794e-01
-8.801890645415797465e-01 -6.216505228821005424e-01
-1.900052154731653870e-02 6.924867328518099496e-01
-2.267601921695839851e-01 4.515941234530407300e-02
-1.564507853811196503e+00 2.498891246202007144e-01
9.312556787681190995e-01 1.251517620126746666e-01
9.498088152113293159e-01 4.581834269839831636e-02
9.255012147023856661e-01 1.496129891346422991e-01
-4.569878575935374942e-01 -5.221419252904558883e-01
1.068985971618917841e+00 -4.682401177660604485e-01
-2.097529354225541320e-01 9.640817034741283598e-02
9.351477795910748680e-01 1.085510606361265867e-01
1.812527815117540575e+00 -1.412404007356899971e+00
1.401098813047528258e-01 1.128810437473444228e+00
-1.419148777144486839e+00 1.825124435237033549e-01
-3.169011965283462517e-01 -2.094842516104512276e-01
6.409858663835062975e-01 1.152255995045800896e+00
1.219874379030621458e+00 -1.067890633596273453e+00
-1.133792035393577979e+00 -2.244481509335824465e-01
-1.905482976614519541e-01 1.551896386459068744e-01
2.333391262601218208e-01 1.314027266999366894e+00
4.349983242628411295e-01 1.448499043948074938e+00
9.104236030030838922e-01 2.133187731098312723e-01
-9.484396564537967977e-01 -5.322205956736429933e-01
-4.234782972255359268e-01 -4.585427323183534076e-01
1.007966477600578337e+00 -2.055045664841996245e-01
3.923349111243075171e-01 1.454157470759563919e+00
4.483806507816874287e-01 1.442756784295470496e+00
1.125323498664253741e+00 -7.037488075906536134e-01
1.040533897090894361e-01 1.040929261184725618e+00
5.280034220718363702e-01 1.369163093925086949e+00
-3.145638619172873018e-01 -2.033443816051895559e-01
-1.345010020268375239e+00 1.044026212487752792e-01
-1.295257885281087207e+00 3.838702950303918976e-02
7.432055368263171258e-02 9.628446115280215878e-01
-1.995607179962164968e-01 1.274986377814308902e-01
-6.546031685249780185e-01 -7.298041224619444822e-01
3.180142964191688404e-01 1.419095655248708177e+00
-8.902715521082489314e-01 -6.097360607653536935e-01
1.113372663829700210e-01 1.059310847123339228e+00
-1.952255832027330676e-02 6.908845840520527748e-01
-8.399889146122471173e-01 -6.640842115287381997e-01
-2.298205880537851797e+00 -6.608260757332675706e-01
1.456527386472777019e+00 -1.672292840453716067e+00
3.166372357039575758e-01 1.417950810402295758e+00
-2.664125939262139031e+00 -5.572038331381947707e-01
-4.264286176335223555e-01 -4.644486991999051684e-01
3.937877312493186510e-01 1.454299217197353888e+00
-2.281406907004561724e-01 4.105310151688980336e-02
5.803301126032293089e-01 1.284601217485796587e+00
-9.732675852492400637e-01 -4.951742525457105693e-01
1.751677292180686962e-01 1.206103356253204861e+00
-5.348369273515634487e-02 5.859662250740885758e-01
-1.830619869619735107e-01 1.782942309020416893e-01
-2.210289017883356188e-01 6.234356700883407487e-02
1.997595551926275581e-01 1.254972396725873462e+00
9.327214136880919160e-01 1.189149377704786653e-01
-5.301198002000515608e-01 -6.333239443432109317e-01
-4.072400240119308235e-01 -4.250103878369377863e-01
1.605649917425115702e-01 1.174937156051816034e+00
-1.201499756287489756e-01 3.757641340653983808e-01
3.856022923443252481e-01 1.453322264419502741e+00
7.182907357543428795e-01 9.345671589099657783e-01
1.291188902850875841e+00 -1.304097758487258174e+00
-1.164441482716640497e-01 3.874841388121627594e-01
-2.277297996660365698e+00 -6.394345524275951709e-01
-6.962453945512911413e-02 5.353730287969115098e-01
3.538704268828403721e-01 1.443022928944712291e+00
-1.869550165327495683e-01 1.662746720126349054e-01
