2.168370960841479178e+00 -5.463125927294733009e-01
2.179810614628216126e+00 -5.324751772754620083e-01
2.190028071554155797e+00 -5.189403387101609866e-01
2.198637804211735158e+00 -5.061975251438527446e-01
2.205623431947828728e+00 -4.943552742934493871e-01
2.211391738970037046e+00 -4.826859162481729193e-01
2.215601707939218734e+00 -4.717969960247441197e-01
2.218337825738273761e+00 -4.615516547493231370e-01
2.219614147768081303e+00 -4.519583908061931554e-01
2.219421026451464662e+00 -4.426814804441844275e-01
2.217807475133384276e+00 -4.344092515448469971e-01
2.214686778667958045e+00 -4.264757032389085989e-01
2.210291331995461572e+00 -4.194030616956770929e-01
2.204431819358034339e+00 -4.127728978841067597e-01
2.197044817389875782e+00 -4.066000470091694075e-01
2.188426694420573249e+00 -4.011010881351411150e-01
2.178046296568998397e+00 -3.959517948301732870e-01
2.166886109405917082e+00 -3.915878197215019174e-01
2.154023320517332696e+00 -3.875898284301455554e-01
2.140182557446511424e+00 -3.841710623124863222e-01
2.124876558828944439e+00 -3.811745665623178514e-01
2.108236961835369350e+00 -3.786213543233687417e-01
2.090332151911107328e+00 -3.765025641742486551e-01
2.071180986206518249e+00 -3.747975140147212780e-01
2.051153461997184735e+00 -3.735035510549747917e-01
2.029893506564540040e+00 -3.725653402742306053e-01
2.007473268470829630e+00 -3.719650129120748439e-01
1.983606930054901074e+00 -3.716781156397800379e-01
1.958737924149662302e+00 -3.716889698474733494e-01
1.933027613972039038e+00 -3.719658650130651667e-01
1.906416432488797996e+00 -3.724784723953462606e-01
1.878872347120524866e+00 -3.731992632391792908e-01
1.849988767863794514e+00 -3.741150093003602350e-01
1.820287154117810946e+00 -3.751837138570237595e-01
1.790045234923607786e+00 -3.763650428088949340e-01
1.758724691708311472e+00 -3.776515087613609989e-01
1.726744971920872729e+00 -3.789979802478933291e-01
1.693540318060749783e+00 -3.803995471466927736e-01
1.660465332701628993e+00 -3.817705984298931376e-01
1.625999156397831769e+00 -3.831451391344201651e-01
1.591031487012256829e+00 -3.844569409319936737e-01
1.555405761405320719e+00 -3.856824790825780225e-01
1.519036832673784421e+00 -3.867935405394929971e-01
1.482750208297679340e+00 -3.877378914710821745e-01
1.445686113468224399e+00 -3.885104378801874647e-01
1.408968234081228177e+00 -3.890628723032582004e-01
1.370178441593817631e+00 -3.893935054854155142e-01
1.331157814492247127e+00 -3.894406052198756130e-01
1.293771973902544836e+00 -3.891956314514124493e-01
1.254894836253003243e+00 -3.886177815242837785e-01
1.215348549287629254e+00 -3.876690401046185563e-01
1.175401719746263840e+00 -3.863170398413235396e-01
1.136002070683254317e+00 -3.845719990826704238e-01
1.096678581634083383e+00 -3.823986789157355903e-01
1.056646525663229363e+00 -3.797179205660115575e-01
1.016283838683250229e+00 -3.765098863860571465e-01
9.765042968079993280e-01 -3.728245950097419659e-01
9.358397877230768547e-01 -3.684907454548120853e-01
8.965688410333894076e-01 -3.637326290216685853e-01
8.570551698023656240e-01 -3.583469015058413643e-01
8.172761380363151584e-01 -3.522869649529943858e-01
7.781642105280554000e-01 -3.456715467972529821e-01
7.390971832013062404e-01 -3.383788641030234245e-01
6.995132372742931537e-01 -3.302543160656649102e-01
6.605304072994406805e-01 -3.214906554664985761e-01
6.227327445175900866e-01 -3.122317625428416288e-01
5.841245701275747937e-01 -3.019577609571931220e-01
5.461566751888495830e-01 -2.910048095285551195e-01
5.083744513354639949e-01 -2.792220895247302104e-01
4.714553232588098997e-01 -2.668087918889676113e-01
4.344855718148313839e-01 -2.534356251928698289e-01
3.983809260421745657e-01 -2.394113326767189076e-01
3.622616002639499344e-01 -2.243709661650782339e-01
3.280432776875074619e-01 -2.091338998473639688e-01
2.920797957530074651e-01 -1.920190163949506146e-01
2.580022967405400380e-01 -1.746952959400799310e-01
2.248913899808289707e-01 -1.567653777341131149e-01
1.916718638487603654e-01 -1.376189558319436679e-01
1.592880918549244851e-01 -1.177641639589054046e-01
1.279634599279258211e-01 -9.736543750479902115e-02
9.652909945670506975e-02 -7.563440076804760215e-02
6.585641883743069414e-02 -5.312671794822559912e-02
3.620090903330451526e-02 -3.005340943435845860e-02
6.852455297002131573e-03 -5.855828839960242407e-03
-2.128578858322988793e-02 1.871212816759715292e-02
-4.900778195498507739e-02 4.432615240703134674e-02
-7.578180536089448860e-02 7.049489283236839987e-02
-1.021931548009794993e-01 9.779551162317150215e-02
-1.277391756599884909e-01 1.257196065395418116e-01
-1.531420281431287445e-01 1.550907727511987577e-01
-1.768635091788188785e-01 1.840837859750427685e-01
-1.999255967331087513e-01 2.138452671094030477e-01
-2.228913671288983989e-01 2.451598585128824115e-01
-2.446433975257401305e-01 2.765012368819750321e-01
-2.651668888033008042e-01 3.077088542708871222e-01
-2.863602983330672536e-01 3.417583843476603156e-01
-3.056273855303014986e-01 3.744730953914394145e-01
-3.250203805329456297e-01 4.092610623037539197e-01
-3.429644531291338727e-01 4.432754404796220293e-01
-3.604079758669524458e-01 4.781930538208817860e-01
-3.775811638059647923e-01 5.145368906166971623e-01
-3.933698761486645878e-01 5.498534770649906589e-01
-4.089872700907509206e-01 5.867725098629658076e-01
-4.238539793616843410e-01 6.239510174645021001e-01
-4.380133066701854538e-01 6.614107787732159682e-01
-4.514792387353607772e-01 6.991013551807302440e-01
-4.641869458601455278e-01 7.367266725707068975e-01
-4.762825271167410168e-01 7.746083021146477066e-01
-4.882087690000898039e-01 8.141671468345097473e-01
-4.989129665138174463e-01 8.517592167885035259e-01
-5.096086562042058121e-01 8.915301872459420185e-01
-5.192492602863763018e-01 9.294943179056773808e-01
-5.287547858337420248e-01 9.691283122490724766e-01
-5.375744357329543810e-01 1.008091151956364007e+00
-5.457283231006436752e-01 1.046209312986812190e+00
-5.537157285108653682e-01 1.085730547322279804e+00
-5.611627188163488267e-01 1.124745673350563635e+00
-5.681448970803880671e-01 1.163438949718142990e+00
-5.746642740003634620e-01 1.201610585845438006e+00
-5.808969592603498988e-01 1.240133495873605218e+00
-5.866939985654823220e-01 1.277908800969226766e+00
-5.921550379505355899e-01 1.315349821630879656e+00
-5.974654180116565350e-01 1.353603467676867567e+00
-6.022878399412195938e-01 1.390001755923774063e+00
-6.070217737128600355e-01 1.427318314350762396e+00
-6.113836900960504250e-01 1.463101508945211293e+00
-6.155038124917722175e-01 1.498099947954734557e+00
-6.195324255902825428e-01 1.533367851373102830e+00
-6.233595455527748408e-01 1.567706281824731818e+00
-6.270293070151722326e-01 1.601230604058230700e+00
-6.306581824780846945e-01 1.634745988062582978e+00
-6.341079088416639031e-01 1.666706435191095625e+00
-6.376038902785357010e-01 1.698923497338050703e+00
-6.409537171300226932e-01 1.729359174058548998e+00
-6.442515599109406299e-01 1.758646240096580549e+00
-6.476478610617336651e-01 1.787852897526470475e+00
-6.510351018457181116e-01 1.815792284650699528e+00
-6.544324993212650154e-01 1.842441846361662083e+00
-6.580469939151576408e-01 1.869143101141706786e+00
-6.616671460964335116e-01 1.894096986977267694e+00
-6.654042145861736035e-01 1.917953938660780899e+00
-6.692239372164094924e-01 1.940371748010274011e+00
-6.733258878137819980e-01 1.962317655784873605e+00
-6.774853935952618311e-01 1.982450029951912995e+00
-6.819545346615895065e-01 2.001875328211073946e+00
-6.866330922915880874e-01 2.019973414312375759e+00
-6.914165479424722038e-01 2.036338131889868563e+00
-6.964495945069650862e-01 2.051462249547977734e+00
-7.018977185701483767e-01 2.065677621814216547e+00
-7.076272183166353313e-01 2.078487360944846429e+00
-7.136364416379081810e-01 2.089847043755546530e+00
-7.197611712119973415e-01 2.099502010309259870e+00
-7.264306536185153318e-01 2.108077144113371215e+00
-7.334038883210428628e-01 2.115146846337742303e+00
-7.407096512841842006e-01 2.120732273222584841e+00
-7.483964623125043403e-01 2.124844948737278472e+00
-7.562497508911230071e-01 2.127405545089188887e+00
-7.646781582854250692e-01 2.128530334545858604e+00
-7.735768376860716611e-01 2.128111135231279594e+00
-7.826700888977725645e-01 2.126178438080672528e+00
-7.922177797182623493e-01 2.122701258151526105e+00
-8.022262935548127860e-01 2.117643116394359204e+00
-8.124469440889481309e-01 2.111148838850936738e+00
-8.232236594369608529e-01 2.103002500868162983e+00
-8.342493130582535610e-01 2.093431156355513689e+00
-8.456409950687637789e-01 2.082360055548061251e+00
-8.575570136097688811e-01 2.069618537261006530e+00
-8.700393684033642661e-01 2.055118501634852990e+00
-8.826951753940173173e-01 2.039321980169825466e+00
-8.957044584126206965e-01 2.022034961708182976e+00
-9.092909737713329443e-01 2.002939394673664886e+00
-9.229282440757087258e-01 1.982786461274461676e+00
-9.372503926245009387e-01 1.960637353071970068e+00
-9.517514724397428960e-01 1.937256358653779209e+00
-9.664786525314827959e-01 1.912591728245731648e+00
-9.814213396851640958e-01 1.886676872463106447e+00
-9.975305358985505633e-01 1.857792318253776553e+00
-1.013133637152940025e+00 1.828927093683784033e+00
-1.028695616258459733e+00 1.799307738767495835e+00
-1.045417431351272297e+00 1.766594549139418824e+00
-1.062148451629219226e+00 1.732977478229572155e+00
-1.078854614128934131e+00 1.698553479739452365e+00
-1.096028434006913077e+00 1.662295798599511265e+00
-1.112962648493721840e+00 1.625697126585288643e+00
-1.130561212944291460e+00 1.586784107117559683e+00
-1.148054001913080935e+00 1.547224996871845004e+00
-1.165689638774918047e+00 1.506457142349666434e+00
-1.183443610685471326e+00 1.464514739981419789e+00
-1.201361415987933556e+00 1.421260677210330003e+00
-1.219390769232953087e+00 1.376786067471005293e+00
-1.237029283410317149e+00 1.332333385846157681e+00
-1.254968625415016303e+00 1.286141758080431963e+00
-1.272964896022765524e+00 1.238778014359667834e+00
-1.290745370859313734e+00 1.190935196943378349e+00
-1.308590709069649582e+00 1.141825459626955253e+00
-1.326290577101858936e+00 1.091981042183753692e+00
-1.343892486893354166e+00 1.041228475214235116e+00
-1.360959542240681941e+00 9.908207397963660901e-01
-1.377696063915825997e+00 9.401669646120047741e-01
-1.394989630032731354e+00 8.864611297108614396e-01
-1.411697503864756786e+00 8.331476697878397175e-01
-1.427944881616627137e+00 7.798391651629368315e-01
-1.443969184112076309e+00 7.257126609001776085e-01
-1.459259222895345820e+00 6.724843457327329688e-01
-1.475017212129309696e+00 6.158295140288290170e-01
-1.489746329098313282e+00 5.610256722000848129e-01
-1.503981617475423693e+00 5.061415980471517528e-01
-1.518014782231955406e+00 4.499351460926658275e-01
-1.531442079333869000e+00 3.939077036523314090e-01
-1.544523533663571424e+00 3.368616464648247488e-01
-1.556820470481338869e+00 2.806270331223957859e-01
-1.568635074187229472e+00 2.237529687264533385e-01
-1.579595494152199908e+00 1.679731657827429059e-01
-1.589783142239100888e+00 1.129253720314281617e-01
-1.599499799389340726e+00 5.682644531253122633e-02
-1.608732462992827905e+00 -6.538193190299690372e-04
-1.616997749166419807e+00 -5.667365339267871338e-02
-1.624308308257935707e+00 -1.111187131208158929e-01
-1.631014492026761520e+00 -1.667871382204887398e-01
-1.636708669867902977e+00 -2.204382272638332196e-01
-1.641658134103713085e+00 -2.746398045244426989e-01
-1.645776682564800364e+00 -3.290865953691981538e-01
-1.648970781201172908e+00 -3.830569378174216721e-01
-1.651195220152806176e+00 -4.359290974239020677e-01
-1.652468296915794443e+00 -4.884687165925600816e-01
-1.652755563018947438e+00 -5.400732169941524496e-01
-1.652027316601076601e+00 -5.917774006546999699e-01
-1.650260438356279558e+00 -6.425237336678121247e-01
-1.647509325842059225e+00 -6.913841245621368259e-01
-1.643570603261539809e+00 -7.412060577497936453e-01
-1.638777622102642439e+00 -7.878080115393105709e-01
-1.632757905334102144e+00 -8.349551822427228043e-01
-1.625559630825957225e+00 -8.815772226508897802e-01
-1.617369586728940378e+00 -9.264473627269192990e-01
-1.607819449428423031e+00 -9.714045457561141239e-01
-1.597477366516358410e+00 -1.013795616955230683e+00
-1.585527365861211679e+00 -1.056848268888133990e+00
-1.572800571194735042e+00 -1.097447645479804557e+00
-1.558380919163933509e+00 -1.138427347930589306e+00
-1.543624403162461078e+00 -1.176022578550812492e+00
-1.527160727680788366e+00 -1.213823952996430089e+00
-1.509480095882630435e+00 -1.250464397879004430e+00
-1.491144419923523090e+00 -1.284901244656565300e+00
-1.470554551954904809e+00 -1.319978333530126724e+00
-1.449367523216097631e+00 -1.352737198052142764e+00
-1.427048369149264584e+00 -1.384145313005833211e+00
-1.403873844457236508e+00 -1.413871851002074242e+00
-1.379107607848143457e+00 -1.442834779324033923e+00
-1.352556728292507060e+00 -1.471089378544895299e+00
-1.325229967369556450e+00 -1.497532586192878989e+00
-1.296772444171587990e+00 -1.522573172397833297e+00
-1.268073273843289162e+00 -1.545543699975348018e+00
-1.237508918733692953e+00 -1.567764997542678396e+00
-1.205506999694143877e+00 -1.588816943415891192e+00
-1.173238940093135119e+00 -1.607986180543831800e+00
-1.138774834020757964e+00 -1.626405435484963080e+00
-1.103169818204039920e+00 -1.643420516399046738e+00
-1.066717827795556905e+00 -1.658918951554079646e+00
-1.030053064886431002e+00 -1.672722934112222504e+00
-9.912726581186396269e-01 -1.685544474097894208e+00
-9.525471763278272608e-01 -1.696675067371474999e+00
-9.124273595488969768e-01 -1.706586299662359973e+00
-8.714157641522286557e-01 -1.715146583173840833e+00
-8.291523430207016210e-01 -1.722432388695840810e+00
-7.863441938604857073e-01 -1.728339819668044397e+00
-7.424050319055695013e-01 -1.732972350869208089e+00
-6.979190229279376156e-01 -1.736287566774691093e+00
-6.519215764024105519e-01 -1.738358328662648944e+00
-6.056998691600521401e-01 -1.739139672495730427e+00
-5.593571348472577975e-01 -1.738697410656143694e+00
-5.109221255216984670e-01 -1.737003491586540882e+00
-4.627437409529615575e-01 -1.734143317552039321e+00
-4.142272929978950691e-01 -1.730146371312851095e+00
-3.631375188888521510e-01 -1.724793496084850553e+00
-3.122240819962951441e-01 -1.718354933038236831e+00
-2.609058821256406979e-01 -1.710808618056444796e+00
-2.099686318150408848e-01 -1.702322271667242370e+00
-1.594797890451251643e-01 -1.692978530250774050e+00
-1.061062702679239633e-01 -1.682139039142310999e+00
-5.351802940263028496e-02 -1.670535810514873765e+00
-2.315804929829745618e-03 -1.658396186431556618e+00
5.252816581033503684e-02 -1.644510043524514353e+00
1.058824396066787576e-01 -1.630159813477175756e+00
1.593078994846065521e-01 -1.614991468005545716e+00
2.132287850377255767e-01 -1.598901722377638945e+00
2.670614775180110145e-01 -1.582083433936335881e+00
3.219982960241768444e-01 -1.564168839802831279e+00
3.748941489031998309e-01 -1.546225371613483057e+00
4.290519674511994452e-01 -1.527169180427152329e+00
4.831484213999355237e-01 -1.507462492875160542e+00
5.371694817396909238e-01 -1.487130720568667019e+00
5.897231221263903311e-01 -1.466740732977941386e+00
6.450234669004893950e-01 -1.444649664773921982e+00
6.976320976708798582e-01 -1.423041474505832404e+00
7.507991258262567413e-01 -1.400627952336809035e+00
8.032299805892189060e-01 -1.377966842217402954e+00
8.552762471790160692e-01 -1.354931561881337343e+00
9.070181754387572903e-01 -1.331503363999166689e+00
9.586282403855892476e-01 -1.307615466654099778e+00
1.009507769330362459e+00 -1.283561076652581123e+00
1.060331542971071350e+00 -1.259034543791681671e+00
1.109593512891996037e+00 -1.234786399368965393e+00
1.158394120554360196e+00 -1.210302750768434077e+00
1.207840243865058394e+00 -1.185022776907983300e+00
1.253829306857128456e+00 -1.161079342635819023e+00
1.300684899668369088e+00 -1.136251972003136324e+00
1.347585891051979345e+00 -1.110955561826048266e+00
1.392537657020417097e+00 -1.086283643915743280e+00
1.436153889493103186e+00 -1.061935048954701699e+00
1.480258086873781798e+00 -1.036891176997414288e+00
1.522547802438181330e+00 -1.012464047597528838e+00
1.564826478883075689e+00 -9.876217544280339045e-01
1.604517060127967909e+00 -9.638986917039795710e-01
1.644596683811915483e+00 -9.395275768914354009e-01
1.682639595078488481e+00 -9.159858492544725728e-01
1.719543210168039682e+00 -8.927433116443630468e-01
1.755644637089117444e+00 -8.695911145475667681e-01
1.790622591688374010e+00 -8.467364551416041163e-01
1.823278860942759705e+00 -8.249899765162562737e-01
1.856579132215041561e+00 -8.023685244560569974e-01
1.887466451296246017e+00 -7.809408336107492854e-01
1.917978405215453819e+00 -7.593030517244627742e-01
1.945742925598184625e+00 -7.391560377732547815e-01
1.973462734814086517e+00 -7.185462181866094644e-01
1.998314894002529263e+00 -6.995857960226793404e-01
2.023667685708046005e+00 -6.796960899507934473e-01
2.046618681326250133e+00 -6.611296129487804762e-01
2.068188073905946389e+00 -6.431000748175460524e-01
2.088492786797905509e+00 -6.255052323094884015e-01
2.107314940734393627e+00 -6.085314284049386790e-01
2.124848155140358408e+00 -5.919988766942081426e-01
2.140711535848486058e+00 -5.762726198231467034e-01
2.154975185423490203e+00 -5.613147030327991782e-01
2.168252119015812607e+00 -5.464507428613860629e-01
2.180104123565296703e+00 -5.321041470211542723e-01
2.189951959228236600e+00 -5.190465965731587694e-01
2.198596905672116186e+00 -5.062620805733675233e-01
2.205693340524343071e+00 -4.942266994168182936e-01
2.211408943544326711e+00 -4.826469393725395518e-01
2.215611652959851074e+00 -4.717667039659793060e-01
2.218337328858733581e+00 -4.615541155441452714e-01
2.219623516936640506e+00 -4.517981893921283465e-01
2.219447835170444971e+00 -4.429380455855785881e-01
2.217815916805821796e+00 -4.344384715259040908e-01
2.214729002128702273e+00 -4.265594515217140392e-01
2.210274704499607168e+00 -4.193808030753790606e-01
2.204443136884544963e+00 -4.127838612072354252e-01
2.197008686955729040e+00 -4.065738043327680185e-01
2.188468259267012161e+00 -4.011244909847081486e-01
2.178369424654182041e+00 -3.960939774106522204e-01
2.167023403851219499e+00 -3.916358067424859923e-01
2.154202701257450503e+00 -3.876395356275808002e-01
2.140214484150456897e+00 -3.841780938341091689e-01
2.124901680516039892e+00 -3.811789275363350882e-01
2.108107035602120760e+00 -3.786038279668225703e-01
2.090056943921285715e+00 -3.764742819979033372e-01
2.071432345164644584e+00 -3.748166936579098163e-01
2.051011171212630657e+00 -3.734958900201006404e-01
2.029817768754345941e+00 -3.725626881549159997e-01
2.007187899916865081e+00 -3.719595917872885460e-01
1.983298339929524756e+00 -3.716764555290031913e-01
1.958877673756528992e+00 -3.716881483738248004e-01
1.933381866068435651e+00 -3.719604742374893469e-01
1.906621989345743673e+00 -3.724737616436415433e-01
1.878877309272025231e+00 -3.731991187146354028e-01
1.850038172895781763e+00 -3.741133276904013982e-01
1.820196103500384410e+00 -3.751871476217399914e-01
1.790477568208690862e+00 -3.763476561772159945e-01
1.759110650761785744e+00 -3.776353986825620179e-01
1.727011225280202344e+00 -3.789867161859458156e-01
1.694478006402793557e+00 -3.803601846301670752e-01
1.659831293727701329e+00 -3.817964639745359268e-01
1.626080476541133635e+00 -3.831419814922596423e-01
1.590469341357557909e+00 -3.844772124170617866e-01
1.556221274761106832e+00 -3.856558545985685482e-01
1.519114544010800039e+00 -3.867913340746684803e-01
1.483288125214444753e+00 -3.877251971221834514e-01
1.446084343102435721e+00 -3.885032465920218447e-01
1.408775653038716769e+00 -3.890651744416501745e-01
1.370807744788667293e+00 -3.893903367839757212e-01
1.332634249308579433e+00 -3.894443131276144054e-01
1.293341462880116310e+00 -3.891910764009801627e-01
1.255016932456884504e+00 -3.886201350121449849e-01
1.215359866190916405e+00 -3.876693659195414865e-01
1.175833436568704427e+00 -3.863338529190414872e-01
1.135942399580933015e+00 -3.845690340150177411e-01
1.096434934117752613e+00 -3.823838180716622182e-01
1.056495468356221101e+00 -3.797068771768060680e-01
1.016505025543097851e+00 -3.765288988225697353e-01
9.767963107869299666e-01 -3.728536094299981785e-01
9.367134265307314189e-01 -3.685900866971419387e-01
8.974072101004527680e-01 -3.638402902214951662e-01
8.575307069263575777e-01 -3.584154070907411005e-01
8.167377379217064526e-01 -3.522004000517959810e-01
7.780232661365228397e-01 -3.456464880047148691e-01
7.389860597675068643e-01 -3.383571102646565354e-01
6.990141163428692517e-01 -3.301469778301987512e-01
6.607960780971581238e-01 -3.215530330230180756e-01
6.224278254923718556e-01 -3.121539110920411586e-01
5.844986565598614403e-01 -3.020614109606072906e-01
5.456973689035041764e-01 -2.908669606235754213e-01
5.089094581304519638e-01 -2.793953159841515155e-01
4.715643297381839072e-01 -2.668468017781901458e-01
4.344086445683370545e-01 -2.534067764394632438e-01
3.983482902816626314e-01 -2.393982079526849605e-01
3.626931881913409983e-01 -2.245568850695991991e-01
3.274878859853019852e-01 -2.088783387593625973e-01
2.922664314771655780e-01 -1.921108676603520138e-01
2.577104756189869117e-01 -1.745420967092933817e-01
2.251029219103556078e-01 -1.568835030376193040e-01
1.917000901227081111e-01 -1.376357378965576139e-01
1.588384155078779447e-01 -1.174798219466291344e-01
1.273578223962016087e-01 -9.695895637799877009e-02
9.680718310749925060e-02 -7.583243500442858609e-02
6.624266351168525691e-02 -5.341852466169350749e-02
3.648446729261643762e-02 -3.028043001612458138e-02
7.451801880826621795e-03 -6.364207110618377503e-03
-2.107179756504004228e-02 1.851998389342510848e-02
-4.906033004336709386e-02 4.437610056559106869e-02
-7.583289176301233336e-02 7.054623753096303518e-02
-1.025341799884212229e-01 9.815818680595955747e-02
-1.278949275838119903e-01 1.258946843631736368e-01
-1.525967546160885979e-01 1.544425982068198810e-01
-1.770258983256064733e-01 1.842877698941710607e-01
-2.002470127057022209e-01 2.142716458602523799e-01
-2.228598186734554454e-01 2.451156255855754251e-01
-2.449244043866870002e-01 2.769174782979400007e-01
-2.659663522796580359e-01 3.089586199813160738e-01
-2.862351707291960201e-01 3.415515776287941230e-01
-3.061375013252138344e-01 3.753635084137105782e-01
-3.249673280186432534e-01 4.091631848431335761e-01
-3.436993233066349962e-01 4.447083797773248026e-01
-3.608734532970367392e-01 4.791515263043005790e-01
-3.776961563216969520e-01 5.147872868070942909e-01
-3.938357633452259088e-01 5.509252370158859158e-01
-4.090715499925441923e-01 5.869774825640500238e-01
-4.240234744202714401e-01 6.243871679031645083e-01
-4.379273432191496673e-01 6.611768747162011239e-01
-4.512598622978002405e-01 6.984699991633251948e-01
-4.641169968889355402e-01 7.365136877754384637e-01
-4.764539965195594418e-01 7.751609334914630889e-01
-4.877916061205688214e-01 8.127435990868465687e-01
-4.990054661448893869e-01 8.520933447288044915e-01
-5.093362378835537552e-01 8.904877013767050764e-01
-5.193685181676865881e-01 9.299775104229961453e-01
-5.285710719730569718e-01 9.683399764968824153e-01
-5.376473746946563992e-01 1.008422856939845236e+00
-5.458840534569846525e-01 1.046958446169591772e+00
-5.535841674180197458e-01 1.085060789823348415e+00
-5.612392337451874713e-01 1.125158212906182342e+00
-5.680781734761086721e-01 1.163058818982782627e+00
-5.746284770205102310e-01 1.201395242487367288e+00
-5.808123980443212764e-01 1.239596738087692662e+00
-5.867518178312899346e-01 1.278295545825253399e+00
-5.923066100839153858e-01 1.316415924361066470e+00
-5.973819042229542298e-01 1.352987248496497763e+00
-6.022656995187543050e-01 1.389830944495073828e+00
-6.069011801363077829e-01 1.426348022432908369e+00
-6.114243109600742132e-01 1.463440972774155080e+00
-6.156148466697139998e-01 1.499058598776637830e+00
-6.195246630147426270e-01 1.533298977033805244e+00
-6.233923681590298749e-01 1.568003818124059645e+00
-6.270627104515151817e-01 1.601537818713814065e+00
-6.306371698086381539e-01 1.634551350978247442e+00
-6.341606439189387823e-01 1.667194410001415328e+00
-6.375610489688091631e-01 1.698530906131695328e+00
-6.409347643879114154e-01 1.729188679189555433e+00
-6.442724802313679611e-01 1.758829357862385256e+00
-6.476777311018154792e-01 1.788104770812962041e+00
-6.510331009495462506e-01 1.815776168942843327e+00
-6.544920493594189592e-01 1.842895855395387583e+00
-6.580200827560025445e-01 1.868950831367977461e+00
-6.615833838338963657e-01 1.893540126201060936e+00
-6.653548441426130333e-01 1.917651288548936961e+00
-6.692299856923240586e-01 1.940405704476194870e+00
-6.732835848185757532e-01 1.962102177750633114e+00
-6.774441758217925047e-01 1.982260523592921597e+00
-6.818528796574002682e-01 2.001457474160505789e+00
-6.866235708794862225e-01 2.019938758350015462e+00
-6.914703294529146449e-01 2.036510679474774932e+00
-6.965780464411961415e-01 2.051822198506783934e+00
-7.020232437191439301e-01 2.065980787187312373e+00
-7.076135610865508241e-01 2.078459224681735940e+00
-7.135513286762175111e-01 2.089699768680794989e+00
-7.198714873641089973e-01 2.099659589780501712e+00
-7.263094999879907698e-01 2.107937912423746063e+00
-7.333035167817888444e-01 2.115057680680501484e+00
-7.407352701742265788e-01 2.120748855958539014e+00
-7.483236181108204876e-01 2.124813759261583446e+00
-7.562211649015401216e-01 2.127398986821977811e+00
-7.647764932868527099e-01 2.128534344233491638e+00
-7.735759767152458055e-01 2.128111249170282715e+00
-7.826973878019762854e-01 2.126170527343666183e+00
-7.921683732360138563e-01 2.122722777220713564e+00
-8.020156446405616313e-01 2.117763363913772068e+00
-8.124473393367984686e-01 2.111148563638380882e+00
-8.232119511223061625e-01 2.103012023536445341e+00
-8.342440298095424867e-01 2.093436021679906389e+00
-8.458829362149232756e-01 2.082112765001707277e+00
-8.577636265157513318e-01 2.069387818414027969e+00
-8.700736611140469368e-01 2.055077142278448399e+00
-8.824449294856384629e-01 2.039644381232069925e+00
-8.959484759013528477e-01 2.021701121198440809e+00
-9.094942673675867617e-01 2.002646029246276882e+00
-9.230005978224733454e-01 1.982677038250630464e+00
-9.370088740082085366e-01 1.961018819035765803e+00
-9.518540174091624229e-01 1.937087752092629067e+00
-9.665382489889057238e-01 1.912490114941772568e+00
-9.816377233469638641e-01 1.886295275596267640e+00
-9.974909223922903134e-01 1.857864508785011859e+00
-1.012846526143173165e+00 1.829465878827163383e+00
-1.029276493310334661e+00 1.798186550533223294e+00
-1.045274106476275167e+00 1.766878742526277524e+00
-1.062337670921938315e+00 1.732592329521454033e+00
-1.078988218462542559e+00 1.698274790638079512e+00
-1.095876355962737358e+00 1.662620685324088576e+00
-1.113168580055566848e+00 1.625246940043478361e+00
-1.130636546669989917e+00 1.586615620945607041e+00
-1.148218819173432159e+00 1.546848109978148589e+00
-1.165879450883134716e+00 1.506013516016582621e+00
-1.183588500483361061e+00 1.464168711795049038e+00
-1.201233165702951577e+00 1.421573605953741604e+00
-1.219339776345487847e+00 1.376913218726894428e+00
-1.236880891333790311e+00 1.332711314333705932e+00
-1.255236505309700767e+00 1.285444353176425025e+00
-1.273099809752692657e+00 1.238418966621442685e+00
-1.291031006113692925e+00 1.190157890551344355e+00
-1.308407907408614124e+00 1.142334247118666379e+00
-1.326191472411175409e+00 1.092263389637198046e+00
-1.343812575432337564e+00 1.041461663027111850e+00
-1.361038865614130344e+00 9.905835843949784003e-01
-1.378029911003244345e+00 9.391436639727970270e-01
-1.395056633352261155e+00 8.862502062522962243e-01
-1.411647536365091327e+00 8.333093224237372310e-01
-1.428147754802757685e+00 7.791638347872299475e-01
-1.443889356618808018e+00 7.259863670004554903e-01
-1.459714063875984458e+00 6.708755753455610815e-01
-1.474982854143550570e+00 6.159551795504805138e-01
-1.489914140726709135e+00 5.603901254207289684e-01
-1.504197805467331950e+00 5.052922636232040077e-01
-1.518159647387806288e+00 4.493429939859790445e-01
-1.531552805925458838e+00 3.934355875382663514e-01
-1.544446803448870309e+00 3.372041360911675056e-01
-1.556750046821862909e+00 2.809571646169971570e-01
-1.568412799506362587e+00 2.248520942920547716e-01
-1.579843372512464317e+00 1.666731541972029662e-01
-1.589837348094648162e+00 1.126229378327825437e-01
-1.599523207905949818e+00 5.668632193301514910e-02
-1.608556507772719968e+00 4.871254253493439990e-04
-1.616808317479457191e+00 -5.533080692478109519e-02
-1.624326957276897021e+00 -1.112649459846903888e-01
-1.631072084109415288e+00 -1.672958557363245502e-01
-1.636891124070245063e+00 -2.222881999457934077e-01
-1.641762771825348022e+00 -2.758937411543778140e-01
-1.645725638986359929e+00 -3.283319071071005846e-01
-1.648991967349467735e+00 -3.834754126095145654e-01
-1.651180514826102064e+00 -4.354883553825257270e-01
-1.652466053309504357e+00 -4.883193718246844339e-01
-1.652756992851065476e+00 -5.397141874804530781e-01
-1.652030630701353253e+00 -5.916410289701561354e-01
-1.650309734217707547e+00 -6.414354935622159637e-01
-1.647483456493066267e+00 -6.917679282814205299e-01
-1.643642959333357911e+00 -7.404098703200117093e-01
-1.638754782702868340e+00 -7.880067010756861556e-01
-1.632715728503244534e+00 -8.352545989486975797e-01
-1.625516410422376268e+00 -8.818338044405075182e-01
-1.617371206689898200e+00 -9.264391420273194733e-01
-1.607847100183327438e+00 -9.712833666301141644e-01
-1.597404100611556466e+00 -1.014077122034528156e+00
-1.585664637423321643e+00 -1.056383428232954946e+00
-1.572714212380432741e+00 -1.097707678577761303e+00
-1.558572716687833815e+00 -1.137911969469369566e+00
-1.543459167822673450e+00 -1.176422198626336124e+00
-1.527113635915485546e+00 -1.213926628008480169e+00
-1.509369045966682865e+00 -1.250683203740486915e+00
-1.491013808392612994e+00 -1.285135056934028519e+00
-1.470327932146636263e+00 -1.320345612017346681e+00
-1.449784931208335959e+00 -1.352121038908473460e+00
-1.426854639874596486e+00 -1.384405395489467505e+00
-1.403622618415189649e+00 -1.414179521094848679e+00
-1.378555251179063301e+00 -1.443450693506611371e+00
-1.352754712563836836e+00 -1.470888459538238768e+00
-1.325486256623478187e+00 -1.497295969031144924e+00
-1.297506194207959540e+00 -1.521956991720307295e+00
-1.268475991962023652e+00 -1.545236034889298615e+00
-1.237033755976159943e+00 -1.568093533560658726e+00
-1.205619532191374299e+00 -1.588746603621388198e+00
-1.172768903014440145e+00 -1.608251185496644364e+00
-1.138824739001535580e+00 -1.626380197600113764e+00
-1.102742156444962207e+00 -1.643613254009811175e+00
-1.067579537920529953e+00 -1.658573636587622691e+00
-1.030034015230602673e+00 -1.672729668298648997e+00
-9.924225014573107018e-01 -1.685189141085631226e+00
-9.520787623847544179e-01 -1.696800037513422454e+00
-9.127498341760120759e-01 -1.706512860627360739e+00
-8.724876194577521060e-01 -1.714942041430199682e+00
-8.280128424406238974e-01 -1.722608342384831293e+00
-7.867325574155563661e-01 -1.728292564479365412e+00
-7.417238862735250349e-01 -1.733033294244016087e+00
-6.972514090316732638e-01 -1.736327265270925846e+00
-6.517300626648105943e-01 -1.738364194094717430e+00
-6.058216654505519383e-01 -1.739139251926241858e+00
-5.585177284408273657e-01 -1.738678553424394702e+00
-5.101743694438265475e-01 -1.736967871947322051e+00
-4.624566460899358633e-01 -1.734122898358153808e+00
-4.130219008827993310e-01 -1.730033339985846297e+00
-3.629017196375585730e-01 -1.724766170181574854e+00
-3.130155583128263475e-01 -1.718463157045741596e+00
-2.624205218203840007e-01 -1.711046020547310142e+00
-2.100292119270267266e-01 -1.702332934517113427e+00
-1.588109993015495158e-01 -1.692848729117430562e+00
-1.068290572450963927e-01 -1.682292230161279711e+00
-5.457881570710210184e-02 -1.670778653105581046e+00
-1.763008939038468448e-03 -1.658260716771127630e+00
5.254654917319179219e-02 -1.644505240026820081e+00
1.060654206071561800e-01 -1.630109209170959916e+00
1.579778060338342671e-01 -1.615378567172803148e+00
2.127121140459576898e-01 -1.599059527635337208e+00
2.675804630140937723e-01 -1.581917707168972509e+00
3.224523089519959473e-01 -1.564017695885192794e+00
3.763565515101260361e-01 -1.545719814250912982e+00
4.297057278922686852e-01 -1.526934995511076032e+00
4.839292485806584443e-01 -1.507173218856555419e+00
5.367115255700984910e-01 -1.487305775076012582e+00
5.911655276770271250e-01 -1.466172744569240294e+00
6.435376550171667542e-01 -1.445251607529191240e+00
6.971882877351549546e-01 -1.423226147658030794e+00
7.506602069520869058e-01 -1.400687262175484005e+00
8.043255989505624370e-01 -1.377487453536371920e+00
8.557917948718325452e-01 -1.354700713124633804e+00
9.073622821739106836e-01 -1.331345806426411649e+00
9.584840150506186429e-01 -1.307682941305803759e+00
1.008717207714819430e+00 -1.283938653087180359e+00
1.060038811041687845e+00 -1.259177235801246519e+00
1.109229668876438701e+00 -1.234967211091923867e+00
1.158586484145291973e+00 -1.210205326253310787e+00
1.206376836284794196e+00 -1.185777831613321620e+00
1.254531105939754809e+00 -1.160710718877366210e+00
1.300587908946918558e+00 -1.136303820449546587e+00
1.347658134685026265e+00 -1.110916248547571650e+00
1.393264937152034255e+00 -1.085880982035659414e+00
1.437404694558372276e+00 -1.061230722953398153e+00
1.481362285890136521e+00 -1.036258592260310918e+00
1.523008396070626880e+00 -1.012195713930543084e+00
1.564554828805914788e+00 -9.877827577860512909e-01
1.604997803092961917e+00 -9.636088868937184859e-01
1.643801929533835526e+00 -9.400150517129883809e-01
1.683316656824489943e+00 -9.155631057590261079e-01
1.720006656082095908e+00 -8.924487647767478382e-01
1.755545498580398878e+00 -8.696552839543536528e-01
1.790139452966618805e+00 -8.470551351973075738e-01
1.824290106864981942e+00 -8.243098703865289201e-01
1.856757645029905701e+00 -8.022459606023155665e-01
1.887633497088799572e+00 -7.808236943774740091e-01
1.917480050400514502e+00 -7.596605245253850169e-01
1.945891559508250879e+00 -7.390469064606507432e-01
1.973140848662918501e+00 -7.187886508720099377e-01
1.999342148457033286e+00 -6.987912214794296251e-01
2.023815329341263958e+00 -6.795784592174620720e-01
2.046196896917074515e+00 -6.614762211380491586e-01
2.068273912184143359e+00 -6.430270503609443189e-01
2.088268054566263743e+00 -6.257037519421345673e-01
2.107108196087653429e+00 -6.087218880620983708e-01
2.124876961429412958e+00 -5.919710412844986225e-01
2.140597273157240910e+00 -5.763890095624915055e-01
2.154775270423766376e+00 -5.615308321939764813e-01
2.168360482444849691e+00 -5.463247776564220670e-01
2.179994989153565044e+00 -5.322422126380498275e-01
2.190149296124757505e+00 -5.187709044468029607e-01
2.198539453235223817e+00 -5.063526877609692001e-01
2.205821222930461012e+00 -4.939908575715766803e-01
2.211262007594804402e+00 -4.829787723032676894e-01
2.215566633765668314e+00 -4.719035791245379530e-01
2.218353898733899321e+00 -4.614718335377631098e-01
2.219621289195055525e+00 -4.518369365570323870e-01
2.219426254259818876e+00 -4.427305444119096212e-01
2.217788809224931157e+00 -4.343448957849171954e-01
2.214752515871917016e+00 -4.266062742362353166e-01
2.210175554613829529e+00 -4.192485978792128698e-01
2.204309482246333385e+00 -4.126547503036160913e-01
2.196910264345677710e+00 -4.065024777631640607e-01
2.188450613264733224e+00 -4.011145523473157448e-01
2.178284411006552457e+00 -3.960564715719925299e-01
2.166972454804517056e+00 -3.916179843604740141e-01
2.154072570039082812e+00 -3.876034604367561975e-01
2.140181828484765791e+00 -3.841709018081039817e-01
2.124864006143346806e+00 -3.811723881169205574e-01
2.108473235098472287e+00 -3.786533141234310618e-01
2.090341441441002868e+00 -3.765035209110384473e-01
2.071125590244389691e+00 -3.747932976621879408e-01
2.050903990681676170e+00 -3.734901325729358401e-01
2.030436568003909592e+00 -3.725844902590339514e-01
2.007608155773221270e+00 -3.719675934113999549e-01
1.983073432004270220e+00 -3.716752761416950435e-01
1.958941277322760133e+00 -3.716877771404325514e-01
1.933196456973595545e+00 -3.719632905899585840e-01
1.906074781687444375e+00 -3.724863258115509446e-01
1.878634243714185859e+00 -3.732062037643358865e-01
1.850229289321577930e+00 -3.741068259712823085e-01
1.820535779421355471e+00 -3.751743418556900966e-01
1.789412461231556506e+00 -3.763905122937720726e-01
1.759226148412361468e+00 -3.776305787122989921e-01
1.726245467618671370e+00 -3.790191127950831573e-01
1.693972442606103579e+00 -3.803814098032670676e-01
1.660405332155088010e+00 -3.817730469475399957e-01
1.625384368098579557e+00 -3.831689965985446422e-01
1.591418500744615550e+00 -3.844429686486617870e-01
1.555364202831826415e+00 -3.856838339641486257e-01
1.519752947143036437e+00 -3.867731793705591059e-01
1.483573395128557681e+00 -3.877184484533211517e-01
1.445988863711833439e+00 -3.885049730443131399e-01
1.407912041759552091e+00 -3.890754194105010555e-01
1.370498832623982199e+00 -3.893919015356221980e-01
1.331869794293428555e+00 -3.894424485414462178e-01
1.293352893091222811e+00 -3.891911978609279288e-01
1.254452990686580893e+00 -3.886092356547040660e-01
1.215433106234815597e+00 -3.876714737411960932e-01
1.175774371275664976e+00 -3.863315555366003129e-01
1.137077846717149621e+00 -3.846252843568393476e-01
1.096666430249040314e+00 -3.823979381782749432e-01
1.057393924438858601e+00 -3.797724563869267489e-01
1.016608592821446777e+00 -3.765377955745675131e-01
9.766388850805683974e-01 -3.728379713265116968e-01
9.372038236129557331e-01 -3.686457276368578229e-01
8.966551415644874456e-01 -3.637437239768004371e-01
8.570373693246733371e-01 -3.583443354045908746e-01
8.174109347882935195e-01 -3.523086184785109154e-01
7.781694010347267598e-01 -3.456724694580297630e-01
7.384941047780775314e-01 -3.382607336970536172e-01
6.991486822214733055e-01 -3.301759290541858016e-01
6.610027466651993144e-01 -3.216015316710347793e-01
6.224971941322204882e-01 -3.121716267061993011e-01
5.834337718704524223e-01 -3.017661431039047049e-01
5.469361442850750876e-01 -2.912384491308652179e-01
5.095154189855682914e-01 -2.795912908283098575e-01
4.720635724898504249e-01 -2.670207799272387161e-01
4.345873784246518934e-01 -2.534737973933203214e-01
3.983602191105454216e-01 -2.394030053193051677e-01
3.624737889123385015e-01 -2.244623916451272405e-01
3.273803363412152168e-01 -2.088288191863820753e-01
2.921235125771862728e-01 -1.920405341746821426e-01
2.579455131276202628e-01 -1.746654924644099882e-01
2.244999777085174009e-01 -1.565466783188397271e-01
1.922981149181811622e-01 -1.379910866665838842e-01
1.593707355533521830e-01 -1.178163953953685061e-01
1.280064533804726457e-01 -9.739427527440756849e-02
9.674639464918778631e-02 -7.578915419979491419e-02
6.643207312554290367e-02 -5.356154315395388749e-02
3.629433108287644788e-02 -3.012821836487850416e-02
7.007145600859322580e-03 -5.987098542187381522e-03
-2.128093590456902814e-02 1.870776998475522090e-02
-4.863805837096541601e-02 4.397487474345689734e-02
-7.556750262693753828e-02 7.027956671225486784e-02
-1.020838598277378773e-01 9.767933435730831448e-02
-1.276542255834594575e-01 1.256241410658578417e-01
-1.529031738776188976e-01 1.548067448660502277e-01
-1.767226735585422925e-01 1.839069386671713102e-01
-2.001232712642821987e-01 2.141074561530830755e-01
-2.227603013827911815e-01 2.449761186171889871e-01
-2.449373586336233977e-01 2.769366739688629009e-01
-2.662004179791300218e-01 3.093250236530883379e-01
-2.863490791868992247e-01 3.417398388282280597e-01
-3.058946469211086816e-01 3.749394422837549201e-01
-3.251827731600598348e-01 4.095607586148541368e-01
-3.432297553587513872e-01 4.437923847189539361e-01
-3.605968547668829682e-01 4.785818045987522140e-01
-3.776712644839369526e-01 5.147330766177354855e-01
-3.936545498409694810e-01 5.505081516453286250e-01
-4.088291771849519307e-01 5.863881924461984418e-01
-4.239185958347306826e-01 6.241172569316785212e-01
-4.379677049163341884e-01 6.612866875058015514e-01
-4.511170289319110793e-01 6.980592504589321345e-01
-4.639065105314340576e-01 7.358731930823818601e-01
-4.764046426141770318e-01 7.750018235983624493e-01
-4.880603722491756447e-01 8.136604064821195692e-01
-4.990509120745232896e-01 8.522575653463577705e-01
-5.092681094036620726e-01 8.902272389142964482e-01
-5.192600119691643812e-01 9.295378659738178229e-01
-5.287071601699453449e-01 9.689238576536851610e-01
-5.373373090187183454e-01 1.007013883863588477e+00
-5.458254579452139765e-01 1.046676479004915672e+00
-5.537042349867717927e-01 1.085672009497170798e+00
-5.611755613215992922e-01 1.124814898101150540e+00
-5.679179572241073171e-01 1.162146895650165046e+00
-5.746875609492873016e-01 1.201750707963334719e+00
-5.810063160662612969e-01 1.240828237872352302e+00
-5.866803854714648381e-01 1.277817774313605659e+00
-5.922035200452016035e-01 1.315690665298463458e+00
-5.974638141594392771e-01 1.353591628936738678e+00
-6.022775544849758855e-01 1.389922400241675238e+00
-6.070111161277725875e-01 1.427232522344833665e+00
-6.113808758713630276e-01 1.463077995001547560e+00
-6.154742725229245259e-01 1.497845037593242612e+00
-6.195432759331378492e-01 1.533464127904545560e+00
-6.233128238670220256e-01 1.567282831729464698e+00
-6.270994688468159994e-01 1.601875924893827463e+00
-6.305765862632439767e-01 1.633990195516676236e+00
-6.340591626103971867e-01 1.666255336105659790e+00
-6.375042546807121457e-01 1.698010344829195883e+00
-6.408943689749431183e-01 1.728825216568158574e+00
-6.443297129127446565e-01 1.759330133162539056e+00
-6.476478876519086159e-01 1.787853121784175991e+00
-6.510538551837915522e-01 1.815943305355844695e+00
-6.545298681237136096e-01 1.843183944764336113e+00
-6.579854097640642774e-01 1.868702960057421869e+00
-6.616076315760606175e-01 1.893701427985622132e+00
-6.653327443442534905e-01 1.917515704753920192e+00
-6.692759740161879911e-01 1.940663728285597855e+00
-6.733505623842671595e-01 1.962443238071982732e+00
-6.775068075812611390e-01 1.982548407828812920e+00
-6.818798564473314006e-01 2.001568468145780599e+00
-6.865156733691527569e-01 2.019545434389844907e+00
-6.913503134509791925e-01 2.036125293981836837e+00
-6.965692544351625992e-01 2.051797601205711974e+00
-7.018540286057073363e-01 2.065571855833047366e+00
-7.075719791504402334e-01 2.078373491041794807e+00
-7.134813928050517395e-01 2.089578474462353785e+00
-7.197089349102370193e-01 2.099427200959960604e+00
-7.262621315662490806e-01 2.107883316492868087e+00
-7.333192018292131742e-01 2.115071637805352900e+00
-7.406924824978841082e-01 2.120721148869957773e+00
-7.482945467125690087e-01 2.124801272012953657e+00
-7.563127109780145574e-01 2.127419921306841211e+00
-7.646193000431753539e-01 2.128527838131218708e+00
-7.733926924689634719e-01 2.128135194331473024e+00
-7.825254948761124485e-01 2.126220136534447747e+00
-7.921933014281905550e-01 2.122711924115407101e+00
-8.023254099295670239e-01 2.117586339233666681e+00
-8.124201131182400282e-01 2.111167517161789409e+00
-8.230039670797136830e-01 2.103180947120073530e+00
-8.344398424328790531e-01 2.093255526030044500e+00
-8.456840099760096763e-01 2.082316125304453092e+00
-8.577948397803319969e-01 2.069352935362632540e+00
-8.699708727952097931e-01 2.055201087813864014e+00
-8.827335027721541216e-01 2.039272566828738142e+00
-8.962792799296019908e-01 2.021248000793185895e+00
-9.091370028382136370e-01 2.003161438460816957e+00
-9.229732732452893273e-01 1.982718365158622209e+00
-9.372905324347742262e-01 1.960573928523049680e+00
-9.517510949328604752e-01 1.937256979275507884e+00
-9.665477365203061222e-01 1.912473937172961103e+00
-9.816830180302155151e-01 1.886215375095488422e+00
-9.973868890797206177e-01 1.858054069352328419e+00
-1.013262145926346225e+00 1.828685846042864105e+00
-1.028989664893820599e+00 1.798740314959390130e+00
-1.045293528358408830e+00 1.766840235429723016e+00
-1.062402783527177208e+00 1.732459769896680157e+00
-1.078639886827952976e+00 1.699001273747696050e+00
-1.096052943503909916e+00 1.662243432232242801e+00
-1.113221735746845242e+00 1.625130716601839831e+00
-1.130324607093381228e+00 1.587313177554970700e+00
-1.148205683666436272e+00 1.546878149730532837e+00
-1.165516867721456240e+00 1.506860850768272142e+00
-1.183279711266984613e+00 1.464906094079548415e+00
-1.201060405569365885e+00 1.421995061774034896e+00
-1.219372083928544459e+00 1.376832660361199556e+00
-1.237044626656753410e+00 1.332294305441747984e+00
-1.255251909461891913e+00 1.285404242721280843e+00
-1.272781070190286634e+00 1.239267136148145765e+00
-1.290883984077358493e+00 1.190558020315536369e+00
-1.308782395461248527e+00 1.141291814050634956e+00
-1.326140766186878484e+00 1.092407836283533440e+00
-1.343446342342955235e+00 1.042530029103531541e+00
-1.360918239483998704e+00 9.909442130927903492e-01
-1.378333514017653139e+00 9.382126177369654041e-01
-1.395133373435336832e+00 8.860086041957853098e-01
-1.411568163446937696e+00 8.335660781084999194e-01
-1.427677644927684675e+00 7.807283746130362356e-01
-1.444115095445084318e+00 7.252122629962253209e-01
-1.459925851614754855e+00 6.701259646058583819e-01
-1.475199405439520994e+00 6.151629731676306889e-01
-1.489863783285700460e+00 5.605808698023161396e-01
-1.504180051315796574e+00 5.053620327349950259e-01
-1.518027157211065958e+00 4.498845720076878885e-01
-1.531482842365564645e+00 3.937339184232303557e-01
-1.544221862319632432e+00 3.382076073418684992e-01
-1.557020564060709766e+00 2.796884962683598985e-01
-1.568449000447772024e+00 2.246731655253159099e-01
-1.579793027144009043e+00 1.669373412353830632e-01
-1.589919452105065689e+00 1.121646421085424894e-01
-1.599479036765985462e+00 5.695070860190731832e-02
-1.608799136743157776e+00 -1.086660282248130827e-03
-1.616795839864193729e+00 -5.524246298679724720e-02
-1.624293324165888563e+00 -1.110012485456975950e-01
-1.631086443661376340e+00 -1.674227888088569705e-01
-1.636878037714330159e+00 -2.221551941146491238e-01
-1.641654177512295254e+00 -2.745924967137840511e-01
-1.645821828084227390e+00 -3.297562201531907267e-01
-1.648949801168346108e+00 -3.826436216830769732e-01
-1.651214873344716283e+00 -4.365212364281416679e-01
-1.652484970432906097e+00 -4.895957464968329065e-01
-1.652755621430680666e+00 -5.400587871951529895e-01
-1.652016633432072723e+00 -5.922149109883784179e-01
-1.650316940846442204e+00 -6.412754516448012643e-01
-1.647434059626948777e+00 -6.924980113871156417e-01
-1.643703451961432860e+00 -7.397415683098027550e-01
-1.638767716480271197e+00 -7.878942070330525738e-01
-1.632700648086536033e+00 -8.353615681224511036e-01
-1.625705290120045721e+00 -8.807107273080760912e-01
-1.617191366372124239e+00 -9.273503754945315869e-01
-1.608056824722560840e+00 -9.703627334992975806e-01
-1.597329430714844012e+00 -1.014363775748227781e+00
-1.585867486115806635e+00 -1.055695372363931517e+00
-1.572812612314316683e+00 -1.097411373521008704e+00
-1.558781092985167538e+00 -1.137351203471479000e+00
-1.543611678844072133e+00 -1.176053367844631437e+00
-1.527035898502822509e+00 -1.214096056795365808e+00
-1.509723749414900507e+00 -1.249983853055045779e+00
-1.490382712359874073e+00 -1.286262649395567337e+00
-1.470641912688087416e+00 -1.319836646548249837e+00
-1.450123360817358709e+00 -1.351620645481002692e+00
-1.426585789548476146e+00 -1.384765988917617596e+00
-1.403361864669901760e+00 -1.414498544473212771e+00
-1.378273637704223953e+00 -1.443764230253596237e+00
-1.352771706641102245e+00 -1.470871207016380744e+00
-1.326240265899575332e+00 -1.496598635737318661e+00
-1.297389509234673000e+00 -1.522055080386303549e+00
-1.268178535211608393e+00 -1.545463322114638549e+00
-1.237180928386695689e+00 -1.567991829262982195e+00
-1.205579195398701842e+00 -1.588771819506509475e+00
-1.172465020498711041e+00 -1.608422303205871318e+00
-1.139204859111283330e+00 -1.626187831760308899e+00
-1.103471041741109326e+00 -1.643284601172492421e+00
-1.067531892014331740e+00 -1.658592755669775487e+00
-1.029911416527714785e+00 -1.672772997233291203e+00
-9.926407358427729033e-01 -1.685121534172045354e+00
-9.528991447412598070e-01 -1.696581016348811088e+00
-9.117944108403589487e-01 -1.706730159357622512e+00
-8.718613226912763636e-01 -1.715061679278412798e+00
-8.289036876911204388e-01 -1.722470873744192721e+00
-7.856138973825750327e-01 -1.728428373863928336e+00
-7.423435795893560396e-01 -1.732977862423046078e+00
-6.971291399363725994e-01 -1.736334504319037686e+00
-6.515404293075245379e-01 -1.738369979919329955e+00
-6.049294983573139106e-01 -1.739142136417098916e+00
-5.587979436163367231e-01 -1.738684890478633394e+00
-5.108565780122149569e-01 -1.737000380485768103e+00
-4.618846810023252702e-01 -1.734082101329530001e+00
-4.135445438888375458e-01 -1.730082429156370116e+00
-3.633687566513971179e-01 -1.724820270424968882e+00
-3.134350148655682400e-01 -1.718520409895072820e+00
-2.634522067356288577e-01 -1.711207222612399326e+00
-2.106400968986927857e-01 -1.702440383195300999e+00
-1.580603547256924646e-01 -1.692702856442595660e+00
-1.069662746031109224e-01 -1.682321293132555073e+00
-5.409751413760843786e-02 -1.670668514387669834e+00
-1.452054882249420587e-03 -1.658184472747222582e+00
5.162177834026504541e-02 -1.644746756777068386e+00
1.056034642057744888e-01 -1.630236947467532893e+00
1.598266911414563118e-01 -1.614840353878549628e+00
2.143301729613260598e-01 -1.598565096977958344e+00
2.675012268462679810e-01 -1.581943013901803807e+00
3.205123987250970696e-01 -1.564663154097849507e+00
3.743066800195126165e-01 -1.546428319346115243e+00
4.299146925536980746e-01 -1.526860121156191186e+00
4.833252463686807943e-01 -1.507396996236757047e+00
5.366641694394541640e-01 -1.487323874428067016e+00
5.901250198249949896e-01 -1.466582518819023129e+00
6.437807296909212607e-01 -1.445153162891421372e+00
6.981992931734628538e-01 -1.422805400830778444e+00
7.504680032164340320e-01 -1.400769314969811719e+00
8.023415276079148839e-01 -1.378355410384888735e+00
8.558605470665758830e-01 -1.354669923746544935e+00
9.073821245964668325e-01 -1.331336720391372630e+00
9.584184298268382252e-01 -1.307713623488843124e+00
1.009752048864269947e+00 -1.283444383073599537e+00
1.059280627571289601e+00 -1.259546735102694770e+00
1.109916866204328390e+00 -1.234625687964235663e+00
1.157727217183468715e+00 -1.210640455113893621e+00
1.206369653788023744e+00 -1.185781536432700678e+00
1.253780470652525514e+00 -1.161104990470442910e+00
1.301140018127807441e+00 -1.136008653363299370e+00
1.347047736641705962e+00 -1.111248378791764413e+00
1.392466310778657013e+00 -1.086323139037415952e+00
1.436981794801138523e+00 -1.061468895281563629e+00
1.480652532060605431e+00 -1.036665234938344504e+00
1.522929197847471716e+00 -1.012241856968024933e+00
1.564444767774749723e+00 -9.878479842988828752e-01
1.605458658668642791e+00 -9.633310143625656297e-01
1.644054459710401872e+00 -9.398601772608241589e-01
1.681872271804843555e+00 -9.164647876514685487e-01
1.719992232286318368e+00 -8.924579329584114706e-01
1.756325854582068136e+00 -8.691500923084910513e-01
1.790535027123977496e+00 -8.467942194575329706e-01
1.824380350588584276e+00 -8.242491574394751330e-01
1.856248341017290748e+00 -8.025956021842007848e-01
1.887648936396191246e+00 -7.808128670071062816e-01
1.917619515166480326e+00 -7.595604997965225147e-01
1.946058918264342630e+00 -7.389240098312400695e-01
1.972989871968050535e+00 -7.189023345167493417e-01
1.999420894968756857e+00 -6.987302741348745405e-01
2.023505917619017325e+00 -6.798249485698446559e-01
2.046773873679608613e+00 -6.610020270639774820e-01
2.068333267395228603e+00 -6.429765493128415388e-01
2.088698961520232267e+00 -6.253230257018247418e-01
2.107544287983470266e+00 -6.083200336389644747e-01
2.124735122757840600e+00 -5.921080762467441083e-01
2.140867765002486767e+00 -5.761134020788739596e-01
2.155551442326952838e+00 -5.606905621085652713e-01
2.168536788498709456e+00 -5.461196522605344938e-01
